//Hydroinnova CRS Probe Filename: 1512310607.638
//****Provide the full data file, with the header information, if support is needed.
//Logger FWVer = 1.944
//Logger SerialNum=14120638
//Probe BootType = 5
//NumberOfNPMs= 2
CRS#1: SerialNum=14110109, FWVer=2338,DeadTime=&H 1f4, RemoteLEDMode=1, NBins=&H  80, U=&H  7d
CRS#2: SerialNum=14070829, FWVer=2338,DeadTime=&H 1f4, RemoteLEDMode=1, NBins=&H  80, U=&H  7d

//Recordperiod = 10 minutes.
//DataSelect=p4p1t1h1t7h7bn1n2e1e2s1s2
//--Data Column Info:
//RecordNum,Date Time(UTC),P4_mb,P1_mb,T1_C,RH1,T_CS215,RH_CS215,Vbat,N1Cts,N2Cts,N1ET_sec,N2ET_sec,N1T_C,N1RH,N2T_C,N2RH,
1, 2015/12/31 06:07:54, 673.58,  674.4,    3.4, 26.2,   1.4, 26.3, 14.186,        1,        4,      14,      15,  -5.7,  0.4,  -0.3,  1.4
2, 2015/12/31 06:17:00, 673.54,  674.1,    3.9, 24.3,   1.0, 23.6, 14.310,     1352,      693,     546,     545,  -3.6,  0.3,   1.8,  1.3
3, 2015/12/31 06:27:00, 673.36,  673.8,    3.9, 22.3,   0.7, 20.3, 14.288,     1497,      794,     600,     600,  -2.3,  0.4,   3.0,  1.3
4, 2015/12/31 06:37:00, 673.24,  673.6,    4.2, 22.0,   1.7, 24.2, 14.279,     1514,      763,     600,     600,  -1.1,  0.5,   4.0,  1.2
5, 2015/12/31 06:47:00, 672.76,  673.3,    4.9, 22.8,   3.2, 23.4, 14.254,     1444,      765,     600,     599,  -0.2,  0.5,   4.9,  1.2
6, 2015/12/31 06:57:00, 672.70,  673.1,    5.2, 22.5,   3.0, 24.0, 14.249,     1497,      719,     600,     600,   0.7,  0.5,   5.7,  1.3
7, 2015/12/31 07:07:00, 672.66,  673.0,    5.4, 22.3,   2.6, 24.8, 14.249,     1536,      731,     600,     600,   1.5,  0.4,   6.4,  1.3
8, 2015/12/31 07:17:00, 672.61,  672.9,    5.5, 22.2,   2.9, 24.0, 14.244,     1508,      752,     600,     600,   2.2,  0.5,   6.9,  1.3
10, 2015/12/31 07:37:00, 672.25,  672.5,    5.6, 22.4,   2.7, 24.6, 14.245,     1533,      754,     600,     600,   3.4,  0.5,   7.8,  1.2
11, 2015/12/31 07:47:00, 672.09,  672.4,    5.3, 22.3,   2.1, 25.6, 14.246,     1462,      809,     600,     600,   3.9,  0.5,   7.9,  1.2
12, 2015/12/31 07:57:00, 671.96,  672.3,    5.5, 23.1,   3.3, 27.5, 14.249,     1509,      761,     600,     600,   4.2,  0.5,   7.8,  1.2
13, 2015/12/31 08:07:00, 671.82,  672.1,    5.2, 22.9,   2.4, 25.9, 14.274,     1473,      793,     600,     600,   4.5,  0.4,   7.8,  1.2
14, 2015/12/31 08:17:00, 671.69,  672.0,    4.9, 23.0,   1.9, 26.7, 14.272,     1455,      815,     600,     600,   4.7,  0.4,   7.8,  1.2
15, 2015/12/31 08:27:00, 671.55,  671.9,    4.7, 23.2,   1.5, 27.6, 14.273,     1505,      777,     600,     600,   4.9,  0.4,   7.8,  1.2
