//Hydroinnova CRS Probe Filename: 1512310915.638
//****Provide the full data file, with the header information, if support is needed.
//Logger FWVer = 1.944
//Logger SerialNum=14120638
//Probe BootType = 5
//NumberOfNPMs= 2
CRS#1: SerialNum=14110109, FWVer=2338,DeadTime=&H 1f4, RemoteLEDMode=1, NBins=&H  80, U=&H  7d
CRS#2: SerialNum=14070829, FWVer=2338,DeadTime=&H 1f4, RemoteLEDMode=1, NBins=&H  80, U=&H  7d

//Recordperiod = 15 minutes.
//DataSelect=p4p1t1h1t7h7bn1n2e1e2s1s2
//--Data Column Info:
//RecordNum,Date Time(UTC),P4_mb,P1_mb,T1_C,RH1,T_CS215,RH_CS215,Vbat,N1Cts,N2Cts,N1ET_sec,N2ET_sec,N1T_C,N1RH,N2T_C,N2RH,
1, 2015/12/31 09:15:48, 671.27,  671.8,    6.7, 22.9,   4.4, 21.4, 14.153,        9,        2,      14,      15,   3.7,  0.5,   5.6,  1.3
2, 2015/12/31 09:29:00, 671.24,  671.5,    6.6, 22.6,   3.2, 24.4, 14.189,     1982,     1031,     792,     791,   5.4,  0.3,   7.0,  1.1
3, 2015/12/31 09:44:00, 671.09,  671.5,    5.5, 23.4,   2.1, 22.1, 14.281,     2202,     1158,     900,     900,   5.9,  0.4,   7.3,  1.1
4, 2015/12/31 09:59:00, 671.07,  671.4,    4.6, 22.8,   1.7, 16.5, 14.274,     2254,     1165,     900,     899,   6.0,  0.4,   7.3,  1.1
5, 2015/12/31 10:14:00, 670.97,  671.4,    4.1, 19.5,   1.4, 13.6, 14.312,     2157,     1187,     900,     900,   6.1,  0.4,   7.2,  1.1
6, 2015/12/31 10:29:00, 670.85,  671.3,    4.0, 18.0,   1.5, 12.7, 14.313,     2215,     1202,     900,     900,   6.2,  0.4,   7.3,  1.1
7, 2015/12/31 10:44:00, 671.11,  671.5,    4.3, 16.8,   2.1, 11.9, 14.288,     2305,     1161,     900,     900,   6.4,  0.4,   7.4,  1.1
8, 2015/12/31 10:59:00, 670.98,  671.4,    4.1, 15.4,   1.4, 11.2, 14.309,     2204,     1188,     900,     900,   6.5,  0.4,   7.3,  1.1
9, 2015/12/31 11:14:00, 671.17,  671.5,    3.3, 14.3,   0.3, 10.9, 14.340,     2231,     1161,     900,     900,   6.3,  0.3,   7.0,  1.1
10, 2015/12/31 11:29:00, 671.33,  671.6,    2.5, 13.6,  -0.5, 10.8, 14.341,     2218,     1149,     900,     900,   6.0,  0.3,   6.6,  1.1
11, 2015/12/31 11:44:00, 671.20,  671.6,    2.0, 13.2,  -0.8, 10.3, 14.368,     2302,     1173,     900,     900,   5.7,  0.3,   6.3,  1.1
12, 2015/12/31 11:59:00, 671.30,  671.8,    1.2, 12.7,  -2.0, 10.2, 13.434,     2188,     1198,     900,     900,   5.3,  0.3,   5.8,  1.1
13, 2015/12/31 12:14:00, 671.54,  672.1,   -0.0, 12.1,  -3.7, 10.1, 13.252,     2221,     1162,     900,     900,   4.6,  0.2,   5.0,  1.1
14, 2015/12/31 12:29:00, 671.42,  672.2,   -1.4, 11.7,  -5.2, 10.1, 13.161,     2280,     1189,     899,     900,   3.8,  0.2,   4.0,  1.1
15, 2015/12/31 12:44:00, 671.84,  672.4,   -2.7, 11.3,  -6.6, 10.0, 13.112,     2173,     1143,     900,     900,   2.9,  0.2,   3.0,  1.1
16, 2015/12/31 12:59:00, 672.17,  672.7,   -4.0, 11.0,  -7.7,  9.6, 13.075,     2259,     1131,     900,     900,   1.9,  0.1,   1.9,  1.1
17, 2015/12/31 13:14:00, 672.08,  672.9,   -5.0, 10.9,  -8.5,  9.5, 13.044,     2300,     1185,     900,     900,   1.1,  0.1,   1.1,  1.0
18, 2015/12/31 13:29:00, 672.23,  673.0,   -5.8, 10.8,  -9.0,  9.3, 13.015,     2242,     1156,     900,     900,   0.4,  0.1,   0.3,  1.0
19, 2015/12/31 13:44:00, 672.38,  673.2,   -6.1, 10.7,  -8.9,  9.1, 12.988,     2285,     1112,     900,     900,  -0.2, -0.0,  -0.2,  1.0
20, 2015/12/31 13:59:00, 672.41,  673.3,   -6.2, 10.8,  -8.7,  9.0, 12.962,     2206,     1191,     900,     900,  -0.6, -0.0,  -0.5,  0.9
21, 2015/12/31 14:14:00, 672.54,  673.4,   -6.1, 10.9,  -8.4,  9.2, 12.937,     2234,     1103,     900,     900,  -0.8, -0.0,  -0.5,  0.9
22, 2015/12/31 14:29:00, 672.60,  673.5,   -5.8, 11.1,  -7.7,  9.5, 12.911,     2116,     1141,     900,     900,  -0.9, -0.0,  -0.4,  0.9
23, 2015/12/31 14:44:00, 672.75,  673.5,   -5.3, 11.1,  -7.1,  9.4, 12.885,     2077,     1155,     900,     900,  -0.8, -0.0,  -0.1,  0.9
24, 2015/12/31 14:59:00, 672.78,  673.6,   -4.8, 11.1,  -6.5,  9.4, 12.858,     2218,     1146,     900,     900,  -0.6,  0.0,   0.2,  1.0
25, 2015/12/31 15:14:00, 672.85,  673.6,   -4.4, 11.1,  -6.1,  9.4, 12.830,     2191,     1133,     900,     900,  -0.4,  0.0,   0.6,  1.0
26, 2015/12/31 15:29:00, 673.06,  673.7,   -4.0, 11.2,  -5.8,  9.2, 12.803,     2165,     1108,     900,     900,  -0.1,  0.1,   0.9,  1.0
27, 2015/12/31 15:44:00, 673.40,  673.9,   -3.5, 11.2,  -5.1,  9.7, 12.779,     2201,     1170,     900,     900,   0.1,  0.1,   1.2,  1.0
28, 2015/12/31 15:59:00, 673.42,  674.0,   -2.8, 11.2,  -4.3,  9.5, 12.757,     2152,     1164,     900,     900,   0.6,  0.1,   1.8,  1.0
29, 2015/12/31 16:14:00, 673.43,  674.1,   -2.4, 11.2,  -4.1,  9.0, 12.739,     2197,     1157,     900,     900,   1.0,  0.1,   2.2,  0.9
30, 2015/12/31 16:29:00, 673.48,  674.1,   -2.1, 11.0,  -4.1,  9.0, 12.723,     2214,     1167,     899,     900,   1.2,  0.1,   2.5,  0.9
31, 2015/12/31 16:44:00, 673.75,  674.4,   -2.1, 10.9,  -4.2,  9.3, 12.710,     2215,     1104,     900,     900,   1.4,  0.1,   2.6,  0.9
32, 2015/12/31 16:59:00, 673.69,  674.3,   -2.1, 10.7,  -4.5,  9.3, 12.697,     2219,     1151,     900,     900,   1.4,  0.1,   2.6,  0.9
33, 2015/12/31 17:14:00, 673.63,  674.3,   -2.3, 10.6,  -4.5,  9.0, 12.686,     2287,     1193,     900,     900,   1.4,  0.1,   2.5,  0.9
34, 2015/12/31 17:29:00, 673.46,  674.1,   -2.2, 10.6,  -4.3,  9.1, 12.676,     2102,     1144,     900,     899,   1.4,  0.1,   2.6,  0.9
35, 2015/12/31 17:44:00, 673.67,  674.3,   -2.0, 10.6,  -4.0,  9.0, 12.669,     2192,     1191,     900,     900,   1.5,  0.1,   2.8,  0.9
36, 2015/12/31 17:59:00, 673.90,  674.5,   -2.0, 10.5,  -4.1,  9.2, 12.662,     2188,     1195,     900,     900,   1.6,  0.1,   2.8,  0.9
37, 2015/12/31 18:14:00, 673.94,  674.6,   -2.1, 10.3,  -4.6,  9.1, 12.656,     2147,     1160,     900,     900,   1.6,  0.1,   2.7,  0.9
38, 2015/12/31 18:29:00, 673.92,  674.6,   -2.4, 10.2,  -5.0,  9.1, 12.651,     2225,     1149,     900,     900,   1.4,  0.0,   2.6,  0.9
39, 2015/12/31 18:44:00, 673.96,  674.6,   -2.7, 10.1,  -5.3,  9.1, 12.646,     2332,     1178,     900,     900,   1.2,  0.0,   2.3,  0.9
40, 2015/12/31 18:59:00, 674.09,  674.6,   -3.0, 10.0,  -5.6,  9.0, 12.643,     2199,     1141,     900,     900,   1.0,  0.0,   2.0,  0.9
41, 2015/12/31 19:14:00, 674.06,  674.7,   -3.3,  9.9,  -6.0,  9.0, 12.639,     2242,     1120,     900,     900,   0.7, -0.0,   1.7,  0.9
42, 2015/12/31 19:29:00, 673.89,  674.6,   -3.6,  9.8,  -6.3,  8.9, 12.636,     2135,     1192,     900,     900,   0.5, -0.0,   1.5,  0.8
43, 2015/12/31 19:44:00, 673.91,  674.7,   -3.8,  9.8,  -6.4,  8.9, 12.634,     2162,     1241,     900,     900,   0.2, -0.0,   1.3,  0.9
44, 2015/12/31 19:59:00, 673.90,  674.7,   -4.1,  9.7,  -6.6,  8.7, 12.632,     2244,     1196,     900,     900,  -0.0, -0.0,   1.0,  0.8
45, 2015/12/31 20:14:00, 674.05,  674.9,   -4.3,  9.7,  -6.8,  8.8, 12.631,     2195,     1086,     900,     900,  -0.2, -0.0,   0.8,  0.8
46, 2015/12/31 20:29:00, 674.34,  675.1,   -4.5,  9.6,  -7.0,  8.7, 12.630,     2283,     1138,     900,     900,  -0.4, -0.0,   0.7,  0.9
47, 2015/12/31 20:44:00, 674.37,  675.2,   -4.5,  9.6,  -7.0,  8.7, 12.628,     2128,     1159,     900,     900,  -0.5, -0.0,   0.5,  0.8
48, 2015/12/31 20:59:00, 674.28,  675.1,   -4.7,  9.5,  -7.1,  8.7, 12.628,     2181,     1127,     900,     900,  -0.6, -0.0,   0.5,  0.8
49, 2015/12/31 21:14:00, 674.27,  675.2,   -4.9,  9.5,  -7.4,  8.7, 12.627,     2215,     1159,     900,     899,  -0.8, -0.0,   0.3,  0.8
50, 2015/12/31 21:29:00, 674.35,  675.3,   -5.0,  9.5,  -7.5,  8.6, 12.627,     2214,     1108,     900,     900,  -1.0, -0.0,   0.1,  0.8
51, 2015/12/31 21:44:00, 674.42,  675.3,   -5.3,  9.4,  -7.8,  8.6, 12.626,     2126,     1197,     900,     900,  -1.1,  0.0,  -0.0,  0.8
52, 2015/12/31 21:59:00, 674.53,  675.4,   -5.5,  9.3,  -8.1,  8.7, 12.625,     2182,     1068,     900,     900,  -1.3,  0.0,  -0.3,  0.8
53, 2015/12/31 22:14:00, 674.42,  675.3,   -5.9,  9.2,  -8.7,  8.6, 12.624,     2186,     1155,     900,     900,  -1.6,  0.0,  -0.6,  0.8
54, 2015/12/31 22:29:00, 674.50,  675.4,   -6.6,  9.0,  -9.9,  8.6, 12.623,     2126,     1102,     900,     900,  -2.0,  0.0,  -1.1,  0.8
55, 2015/12/31 22:44:00, 674.34,  675.4,   -7.3,  8.9, -10.4,  8.6, 12.621,     2111,     1095,     900,     900,  -2.5,  0.0,  -1.7,  0.8
56, 2015/12/31 22:59:00, 674.34,  675.4,   -7.9,  8.8, -11.0,  8.6, 12.619,     2130,     1167,     900,     900,  -3.0,  0.0,  -2.2,  0.8
57, 2015/12/31 23:14:00, 674.42,  675.5,   -8.4,  8.7, -11.4,  8.5, 12.617,     2141,     1156,     900,     900,  -3.5,  0.0,  -2.7,  0.8
58, 2015/12/31 23:29:00, 674.31,  675.5,   -8.8,  8.7, -11.8,  8.4, 12.615,     2112,     1171,     900,     900,  -3.9,  0.0,  -3.1,  0.8
59, 2015/12/31 23:44:00, 674.24,  675.5,   -9.2,  8.6, -12.0,  8.2, 12.614,     2151,     1141,     900,     900,  -4.3,  0.0,  -3.5,  0.8
60, 2015/12/31 23:59:00, 674.40,  675.6,   -9.4,  8.6, -12.1,  8.2, 12.612,     2146,     1139,     900,     900,  -4.6,  0.0,  -3.7,  0.7
