//Hydroinnova CRS Probe Filename: 1601010014.638
//****Provide the full data file, with the header information, if support is needed.
//Logger FWVer = 1.944
//Logger SerialNum=14120638
//Probe BootType = 5
//NumberOfNPMs= 2
CRS#1: SerialNum=14110109, FWVer=2338,DeadTime=&H 1f4, RemoteLEDMode=1, NBins=&H  80, U=&H  7d
CRS#2: SerialNum=14070829, FWVer=2338,DeadTime=&H 1f4, RemoteLEDMode=1, NBins=&H  80, U=&H  7d

//Recordperiod = 15 minutes.
//DataSelect=p4p1t1h1t7h7bn1n2e1e2s1s2
//--Data Column Info:
//RecordNum,Date Time(UTC),P4_mb,P1_mb,T1_C,RH1,T_CS215,RH_CS215,Vbat,N1Cts,N2Cts,N1ET_sec,N2ET_sec,N1T_C,N1RH,N2T_C,N2RH,
61, 2016/01/01 00:14:00, 674.44,  675.8,   -9.8,  8.6, -12.7,  8.3, 12.610,     2165,     1140,     901,     901,  -4.9,  0.0,  -4.1,  0.7
62, 2016/01/01 00:29:00, 674.39,  675.8,  -10.4,  8.5, -13.4,  8.2, 12.609,     2126,     1185,     899,     899,  -5.3,  0.0,  -4.5,  0.7
63, 2016/01/01 00:44:00, 674.65,  676.1,  -11.0,  8.3, -14.2,  8.1, 12.606,     2201,     1138,     900,     900,  -5.8,  0.0,  -5.1,  0.7
64, 2016/01/01 00:59:00, 674.79,  676.2,  -11.5,  8.3, -14.5,  8.0, 12.604,     2182,     1103,     900,     900,  -6.3,  0.0,  -5.6,  0.7
65, 2016/01/01 01:14:00, 674.91,  676.5,  -12.0,  8.3, -15.2,  8.1, 12.601,     2235,     1095,     900,     900,  -6.7,  0.0,  -6.1,  0.7
66, 2016/01/01 01:29:00, 675.05,  676.7,  -12.4,  8.3, -15.1,  8.1, 12.599,     2209,     1085,     900,     900,  -7.1,  0.0,  -6.5,  0.7
67, 2016/01/01 01:44:00, 675.10,  676.7,  -12.4,  8.3, -15.0,  7.8, 12.597,     2135,     1164,     900,     900,  -7.3,  0.0,  -6.5,  0.7
68, 2016/01/01 01:59:00, 675.15,  676.8,  -12.6,  8.3, -15.3,  8.0, 12.594,     2117,     1129,     900,     900,  -7.6,  0.0,  -6.8,  0.7
69, 2016/01/01 02:14:00, 675.31,  676.9,  -12.5,  8.4, -14.7,  8.1, 12.601,     2072,     1134,     900,     900,  -7.6,  0.0,  -6.7,  0.7
70, 2016/01/01 02:29:00, 675.50,  677.1,  -12.4,  8.3, -14.9,  7.9, 12.676,     2220,     1192,     900,     900,  -7.7,  0.0,  -6.7,  0.7
71, 2016/01/01 02:44:00, 675.59,  677.2,  -12.2,  8.5, -14.3,  8.3, 12.843,     2113,     1119,     900,     900,  -7.7,  0.0,  -6.6,  0.7
72, 2016/01/01 02:59:00, 675.76,  677.3,  -11.6,  8.7, -13.2,  8.7, 13.325,     2180,     1132,     900,     900,  -7.5,  0.0,  -6.2,  0.7
73, 2016/01/01 03:14:00, 676.08,  677.5,  -10.7,  8.8, -12.3,  8.6, 14.213,     2226,     1084,     900,     900,  -7.1,  0.0,  -5.5,  0.7
74, 2016/01/01 03:29:00, 676.07,  677.5,   -9.6,  9.0, -11.0,  8.9, 14.963,     2270,     1107,     900,     900,  -6.5,  0.0,  -4.6,  0.7
75, 2016/01/01 03:44:00, 676.17,  677.4,   -8.1,  9.3,  -9.4,  9.0, 14.963,     2121,     1092,     900,     900,  -5.8,  0.0,  -3.4,  0.8
76, 2016/01/01 03:59:00, 676.37,  677.4,   -6.7,  9.5,  -8.0,  9.1, 14.963,     2080,     1212,     900,     900,  -4.9,  0.0,  -2.3,  0.8
77, 2016/01/01 04:14:00, 676.39,  677.3,   -5.3,  9.6,  -6.8,  9.1, 14.961,     2276,     1145,     900,     900,  -4.0,  0.0,  -1.2,  0.7
78, 2016/01/01 04:29:00, 676.45,  677.4,   -4.2,  9.7,  -5.8,  9.1, 14.924,     2193,     1154,     899,     900,  -3.1,  0.0,  -0.3,  0.7
81, 2016/01/01 05:14:00, 676.48,  677.2,   -0.4, 13.1,  -2.0, 13.4, 14.408,     2187,     1188,     900,     900,  -0.5, -0.0,   2.7,  0.8
