//Hydroinnova CRS Probe Filename: 1605200333.638
//****Provide the full data file, with the header information, if support is needed.
//Logger FWVer = 1.944
//Logger SerialNum=14120638
//Probe BootType = 5
//NumberOfNPMs= 2
CRS#1: SerialNum=14110109, FWVer=2338,DeadTime=&H 1f4, RemoteLEDMode=1, NBins=&H  80, U=&H  7d
CRS#2: SerialNum=14070829, FWVer=2338,DeadTime=&H 1f4, RemoteLEDMode=1, NBins=&H  80, U=&H  7d

//Recordperiod = 15 minutes.
//DataSelect=p4p1t1h1t7h7bn1n2e1e2s1s2
//--Data Column Info:
//RecordNum,Date Time(UTC),P4_mb,P1_mb,T1_C,RH1,T_CS215,RH_CS215,Vbat,N1Cts,N2Cts,N1ET_sec,N2ET_sec,N1T_C,N1RH,N2T_C,N2RH,
1, 2016/05/20 03:33:20, 673.49,  673.7,   13.1, 49.7,  12.3, 52.1, 14.376,       10,       10,      14,      14,   9.6,  1.3,  12.4,  1.2
2, 2016/05/20 03:47:00, 673.53,  673.5,   14.3, 44.4,  11.9, 58.4, 14.378,     1921,     1160,     819,     819,  12.5,  1.2,  15.3,  1.1
3, 2016/05/20 04:02:00, 673.22,  673.3,   14.9, 41.1,  12.7, 53.6, 14.379,     2052,     1125,     900,     900,  13.9,  1.1,  16.8,  1.0
4, 2016/05/20 04:17:00, 673.25,  673.3,   15.3, 39.0,  14.2, 45.3, 14.356,     2140,     1177,     900,     900,  14.9,  1.1,  17.9,  1.0
5, 2016/05/20 04:32:00, 673.29,  673.2,   15.7, 37.6,  13.7, 50.3, 14.356,     2148,     1237,     900,     900,  15.5,  1.2,  18.6,  1.0
6, 2016/05/20 04:47:00, 673.17,  673.1,   16.1, 36.4,  13.5, 52.0, 14.323,     2175,     1153,     900,     900,  16.1,  1.2,  19.2,  1.0
7, 2016/05/20 05:02:00, 673.02,  673.0,   16.4, 35.3,  14.9, 47.7, 14.324,     2132,     1216,     900,     900,  16.6,  1.1,  19.7,  1.0
8, 2016/05/20 05:17:00, 672.99,  672.8,   17.0, 34.6,  15.3, 45.2, 14.288,     2099,     1179,     900,     900,  17.1,  1.1,  20.2,  1.0
9, 2016/05/20 05:32:00, 672.82,  672.7,   17.4, 34.5,  15.2, 45.3, 14.288,     2209,     1132,     900,     899,  17.7,  1.2,  20.6,  1.0
10, 2016/05/20 05:47:00, 672.37,  672.5,   17.7, 34.4,  15.5, 44.5, 13.889,     2194,     1202,     899,     900,  18.2,  1.2,  21.0,  1.0
11, 2016/05/20 06:02:00, 672.20,  672.3,   18.1, 33.4,  15.9, 41.5, 13.857,     2152,     1216,     900,     900,  18.7,  1.2,  21.3,  1.0
12, 2016/05/20 06:17:00, 672.11,  672.1,   18.3, 33.1,  16.0, 48.5, 13.856,     2139,     1217,     900,     900,  19.2,  1.2,  21.5,  1.0
13, 2016/05/20 06:32:00, 671.96,  671.9,   18.6, 33.8,  16.8, 41.0, 13.857,     2120,     1236,     900,     900,  19.6,  1.2,  21.7,  1.0
14, 2016/05/20 06:47:00, 671.67,  671.7,   18.9, 33.8,  17.2, 38.5, 13.835,     2118,     1209,     900,     900,  20.0,  1.2,  22.0,  1.0
15, 2016/05/20 07:02:00, 671.51,  671.4,   19.5, 33.8,  18.2, 33.3, 13.839,     2138,     1166,     900,     900,  20.5,  1.2,  22.3,  1.0
16, 2016/05/20 07:17:00, 671.37,  671.2,   20.1, 34.0,  17.5, 40.8, 13.805,     2152,     1222,     900,     900,  21.0,  1.2,  22.8,  1.0
17, 2016/05/20 07:32:00, 671.16,  671.1,   20.3, 33.7,  18.5, 39.9, 13.807,     2223,     1226,     900,     900,  21.4,  1.3,  23.0,  1.0
18, 2016/05/20 07:47:00, 670.82,  670.8,   20.7, 33.6,  18.8, 36.4, 13.809,     2223,     1180,     900,     900,  21.8,  1.3,  23.3,  1.0
19, 2016/05/20 08:02:00, 670.53,  670.5,   21.2, 33.6,  19.6, 33.5, 13.772,     2141,     1296,     900,     900,  22.3,  1.3,  23.6,  1.0
20, 2016/05/20 08:17:00, 670.34,  670.3,   21.7, 33.5,  19.4, 32.8, 13.773,     2152,     1264,     900,     900,  22.8,  1.4,  24.0,  1.0
21, 2016/05/20 08:32:00, 670.17,  670.1,   22.0, 33.2,  19.5, 34.8, 13.772,     2184,     1299,     900,     900,  23.3,  1.4,  24.3,  1.0
22, 2016/05/20 08:47:00, 669.87,  669.7,   22.3, 32.7,  20.0, 34.4, 13.736,     2149,     1295,     900,     900,  23.7,  1.4,  24.6,  0.9
23, 2016/05/20 09:02:00, 669.57,  669.4,   22.7, 32.4,  19.7, 30.3, 13.739,     2138,     1293,     900,     900,  24.1,  1.4,  24.9,  0.9
24, 2016/05/20 09:17:00, 669.29,  669.2,   23.0, 32.2,  20.5, 29.0, 13.717,     2083,     1285,     900,     900,  24.6,  1.4,  25.2,  1.0
25, 2016/05/20 09:32:00, 669.14,  669.0,   23.2, 31.8,  20.8, 31.1, 13.719,     2167,     1281,     900,     900,  24.9,  1.4,  25.4,  1.0
26, 2016/05/20 09:47:00, 668.63,  668.6,   23.2, 31.2,  20.7, 29.5, 13.720,     2231,     1278,     900,     899,  25.2,  1.4,  25.5,  1.0
27, 2016/05/20 10:02:00, 668.29,  668.2,   23.1, 30.7,  20.1, 29.6, 13.708,     2225,     1275,     900,     900,  25.4,  1.4,  25.6,  1.0
28, 2016/05/20 10:17:00, 668.14,  668.1,   22.4, 29.4,  18.0, 33.7, 13.773,     2192,     1241,     900,     900,  25.2,  1.4,  25.4,  1.0
29, 2016/05/20 10:32:00, 668.00,  667.8,   21.4, 28.5,  16.9, 33.2, 13.804,     2237,     1248,     900,     900,  24.5,  1.4,  24.8,  0.9
30, 2016/05/20 10:47:00, 667.78,  667.7,   20.3, 28.1,  16.3, 34.5, 13.834,     2240,     1214,     900,     900,  23.7,  1.3,  24.1,  0.9
31, 2016/05/20 11:02:00, 667.75,  667.7,   19.5, 27.9,  15.8, 35.2, 13.833,     2237,     1219,     900,     900,  22.9,  1.3,  23.5,  0.9
32, 2016/05/20 11:17:00, 667.83,  667.8,   18.7, 28.0,  15.3, 41.3, 13.649,     2145,     1296,     900,     900,  22.2,  1.3,  22.8,  1.0
33, 2016/05/20 11:32:00, 668.00,  667.9,   18.0, 28.3,  15.2, 40.0, 13.489,     2270,     1247,     900,     900,  21.6,  1.2,  22.2,  1.0
34, 2016/05/20 11:47:00, 668.02,  668.0,   17.5, 28.3,  15.0, 35.1, 13.368,     2177,     1322,     900,     900,  21.0,  1.2,  21.8,  1.0
35, 2016/05/20 12:02:00, 668.59,  668.6,   17.2, 28.3,  15.1, 32.0, 13.297,     2264,     1227,     900,     900,  20.6,  1.2,  21.4,  1.0
36, 2016/05/20 12:17:00, 668.11,  668.3,   16.6, 28.3,  11.1, 60.4, 13.255,     2243,     1316,     900,     900,  20.2,  1.2,  20.9,  1.0
37, 2016/05/20 12:32:00, 669.86,  669.7,   15.4, 28.6,  11.3, 55.8, 13.228,     2187,     1223,     900,     900,  19.0,  1.1,  19.8,  1.0
38, 2016/05/20 12:47:00, 670.30,  670.3,   13.7, 28.4,   7.5, 86.5, 13.213,     2106,     1212,     900,     900,  17.5,  1.0,  18.5,  1.1
39, 2016/05/20 13:02:00, 670.89,  670.8,   12.3, 28.5,   9.5, 80.5, 13.200,     2047,     1194,     900,     900,  16.1,  0.9,  17.0,  1.0
40, 2016/05/20 13:17:00, 671.37,  671.4,   11.2, 28.3,   7.0, 87.7, 13.180,     2134,     1182,     900,     900,  15.0,  0.9,  16.0,  1.0
41, 2016/05/20 13:32:00, 671.33,  671.5,   10.4, 28.3,   7.1, 94.1, 13.165,     2097,     1250,     900,     900,  14.1,  0.9,  15.1,  1.1
42, 2016/05/20 13:47:00, 671.17,  671.4,    9.8, 28.4,   6.9, 96.3, 13.153,     2050,     1275,     900,     900,  13.5,  0.9,  14.5,  1.0
43, 2016/05/20 14:02:00, 671.02,  671.2,    9.5, 28.5,   6.7, 96.5, 13.145,     2127,     1277,     900,     900,  13.0,  0.9,  14.0,  1.0
44, 2016/05/20 14:17:00, 670.93,  671.1,    9.1, 28.7,   7.0, 94.6, 13.135,     2103,     1257,     900,     900,  12.7,  0.9,  13.6,  1.0
45, 2016/05/20 14:32:00, 670.82,  671.1,    9.0, 29.2,   7.1, 93.5, 13.128,     2119,     1143,     900,     900,  12.5,  0.9,  13.4,  1.0
46, 2016/05/20 14:47:00, 670.84,  671.1,    8.9, 29.5,   7.3, 92.7, 13.120,     2162,     1281,     900,     900,  12.4,  0.9,  13.3,  1.0
47, 2016/05/20 15:02:00, 671.00,  671.3,    8.8, 30.0,   7.6, 83.3, 13.112,     2056,     1222,     900,     900,  12.3,  0.8,  13.3,  1.0
48, 2016/05/20 15:17:00, 671.28,  671.5,    8.8, 30.5,   7.5, 83.8, 13.105,     2112,     1204,     899,     900,  12.3,  0.9,  13.3,  1.0
49, 2016/05/20 15:32:00, 671.71,  671.9,    8.8, 31.1,   7.0, 85.5, 13.097,     1977,     1212,     900,     900,  12.2,  0.9,  13.3,  1.0
50, 2016/05/20 15:47:00, 672.07,  672.3,    8.6, 31.9,   6.7, 84.8, 13.091,     2062,     1200,     900,     900,  12.1,  0.9,  13.2,  1.0
51, 2016/05/20 16:02:00, 672.03,  672.3,    8.4, 32.7,   6.4, 87.0, 13.083,     2107,     1220,     900,     900,  12.0,  0.9,  13.0,  1.0
52, 2016/05/20 16:17:00, 672.26,  672.5,    8.3, 33.3,   6.2, 88.6, 13.076,     2135,     1172,     900,     900,  11.8,  0.8,  12.8,  1.0
53, 2016/05/20 16:32:00, 672.69,  672.9,    8.1, 33.8,   6.4, 87.4, 13.069,     2038,     1195,     900,     900,  11.6,  0.9,  12.7,  1.0
54, 2016/05/20 16:47:00, 672.96,  673.1,    8.1, 34.2,   6.6, 86.2, 13.062,     2060,     1172,     900,     900,  11.5,  0.9,  12.6,  1.0
55, 2016/05/20 17:02:00, 673.05,  673.3,    8.2, 34.8,   6.5, 87.7, 13.055,     2062,     1183,     900,     900,  11.5,  0.9,  12.7,  1.0
56, 2016/05/20 17:17:00, 673.12,  673.3,    8.2, 35.0,   6.5, 87.7, 13.048,     2068,     1184,     900,     900,  11.5,  0.8,  12.7,  1.0
57, 2016/05/20 17:32:00, 673.11,  673.3,    8.2, 35.2,   5.9, 89.1, 13.041,     2024,     1198,     900,     900,  11.5,  0.9,  12.7,  1.0
58, 2016/05/20 17:47:00, 673.00,  673.3,    7.9, 34.9,   5.5, 92.5, 13.033,     2145,     1158,     900,     900,  11.3,  0.8,  12.4,  1.0
59, 2016/05/20 18:02:00, 672.99,  673.3,    7.6, 34.3,   5.1, 96.3, 13.025,     2118,     1202,     900,     900,  11.0,  0.8,  12.1,  1.0
60, 2016/05/20 18:17:00, 672.92,  673.3,    7.4, 34.0,   4.9, 96.7, 13.018,     2014,     1137,     900,     900,  10.8,  0.8,  11.9,  0.9
61, 2016/05/20 18:32:00, 673.05,  673.4,    7.2, 34.5,   4.7, 96.7, 13.010,     2039,     1195,     900,     900,  10.6,  0.8,  11.7,  0.9
62, 2016/05/20 18:47:00, 672.96,  673.3,    7.0, 35.4,   4.4, 94.9, 13.001,     2028,     1197,     900,     900,  10.4,  0.8,  11.5,  0.9
63, 2016/05/20 19:02:00, 672.85,  673.2,    6.8, 35.8,   4.3, 95.1, 12.995,     2026,     1139,     900,     900,  10.2,  0.8,  11.3,  0.9
64, 2016/05/20 19:17:00, 672.60,  673.0,    6.7, 36.2,   4.1, 96.3, 12.987,     2006,     1242,     900,     900,  10.1,  0.8,  11.1,  0.9
65, 2016/05/20 19:32:00, 672.54,  673.0,    6.5, 36.9,   4.1, 96.1, 12.980,     2029,     1187,     900,     900,   9.9,  0.8,  10.9,  0.9
66, 2016/05/20 19:47:00, 672.50,  673.0,    6.3, 37.7,   4.1, 97.1, 12.974,     2052,     1192,     899,     900,   9.8,  0.8,  10.7,  0.9
67, 2016/05/20 20:02:00, 672.35,  672.8,    6.2, 38.0,   4.0, 97.2, 12.969,     2067,     1257,     900,     900,   9.7,  0.8,  10.6,  0.9
68, 2016/05/20 20:17:00, 672.35,  672.8,    6.2, 37.6,   4.0, 97.0, 12.963,     2106,     1178,     900,     900,   9.6,  0.8,  10.5,  0.9
69, 2016/05/20 20:32:00, 672.21,  672.7,    6.1, 37.8,   4.2, 97.4, 12.959,     2070,     1236,     900,     900,   9.5,  0.8,  10.5,  0.9
70, 2016/05/20 20:47:00, 671.93,  672.4,    6.1, 37.9,   4.0, 98.0, 12.955,     2024,     1160,     900,     900,   9.5,  0.8,  10.5,  0.9
71, 2016/05/20 21:02:00, 671.92,  672.4,    6.1, 38.9,   3.6, 98.5, 12.952,     2100,     1218,     900,     900,   9.5,  0.8,  10.4,  0.9
72, 2016/05/20 21:17:00, 671.84,  672.4,    5.9, 39.1,   3.5, 99.4, 12.948,     2095,     1200,     900,     900,   9.4,  0.8,  10.3,  0.9
73, 2016/05/20 21:32:00, 671.75,  672.2,    5.9, 39.1,   3.5, 99.1, 12.945,     2069,     1189,     900,     900,   9.3,  0.8,  10.2,  0.8
74, 2016/05/20 21:47:00, 671.65,  672.2,    5.8, 39.3,   3.6, 98.8, 12.942,     2148,     1251,     900,     900,   9.2,  0.8,  10.2,  0.8
75, 2016/05/20 22:02:00, 671.77,  672.2,    5.8, 38.9,   3.6, 98.7, 12.939,     2029,     1199,     900,     900,   9.1,  0.8,  10.1,  0.8
76, 2016/05/20 22:17:00, 671.57,  672.1,    5.8, 38.6,   3.5, 98.4, 12.938,     2032,     1187,     900,     900,   9.1,  0.8,  10.1,  0.8
77, 2016/05/20 22:32:00, 671.36,  671.9,    5.8, 38.1,   3.6, 98.5, 12.935,     2106,     1139,     900,     900,   9.1,  0.8,  10.2,  0.8
78, 2016/05/20 22:47:00, 671.60,  672.1,    5.8, 37.8,   3.6, 98.5, 12.934,     2111,     1236,     900,     900,   9.1,  0.8,  10.2,  0.8
79, 2016/05/20 23:02:00, 671.44,  672.0,    5.8, 37.9,   3.5, 98.3, 12.932,     2065,     1199,     900,     900,   9.1,  0.8,  10.2,  0.8
80, 2016/05/20 23:17:00, 671.51,  672.0,    5.8, 37.9,   3.5, 98.3, 12.930,     2049,     1156,     900,     900,   9.1,  0.8,  10.2,  0.8
81, 2016/05/20 23:32:00, 671.54,  672.0,    5.8, 37.7,   3.5, 98.3, 12.929,     2025,     1252,     900,     900,   9.1,  0.8,  10.2,  0.8
82, 2016/05/20 23:47:00, 671.54,  672.1,    5.8, 37.4,   3.2, 98.1, 12.927,     2001,     1218,     900,     900,   9.0,  0.8,  10.2,  0.8
83, 2016/05/21 00:02:00, 671.56,  672.1,    5.7, 36.6,   3.3, 98.4, 12.926,     2080,     1211,     900,     900,   9.0,  0.8,  10.1,  0.8
84, 2016/05/21 00:17:00, 671.62,  672.1,    5.6, 36.0,   3.4, 98.7, 12.923,     1968,     1270,     900,     900,   8.9,  0.8,  10.1,  0.8
85, 2016/05/21 00:32:00, 671.83,  672.3,    5.6, 35.7,   3.6, 98.7, 12.926,     2119,     1177,     900,     900,   8.9,  0.8,  10.0,  0.8
86, 2016/05/21 00:47:00, 671.68,  672.1,    5.6, 35.9,   3.6, 98.9, 12.946,     2003,     1196,     900,     900,   8.9,  0.8,  10.1,  0.8
87, 2016/05/21 01:02:00, 671.56,  672.1,    5.7, 36.5,   3.8, 98.5, 12.976,     2083,     1245,     900,     900,   8.9,  0.8,  10.1,  0.8
88, 2016/05/21 01:17:00, 671.48,  672.0,    5.8, 36.8,   4.2, 98.4, 13.099,     2062,     1256,     900,     900,   9.0,  0.8,  10.2,  0.8
89, 2016/05/21 01:32:00, 671.43,  671.9,    6.0, 37.5,   4.4, 98.3, 13.185,     2010,     1218,     900,     900,   9.1,  0.8,  10.4,  0.9
90, 2016/05/21 01:47:00, 671.57,  672.0,    6.1, 37.4,   4.4, 98.6, 13.201,     2091,     1182,     900,     899,   9.3,  0.8,  10.5,  0.9
91, 2016/05/21 02:02:00, 671.44,  671.9,    6.3, 38.0,   4.8, 97.6, 13.585,     2118,     1200,     900,     900,   9.4,  0.8,  10.7,  0.9
92, 2016/05/21 02:17:00, 671.54,  671.9,    6.8, 61.2,   5.1, 97.3, 13.725,     2068,     1184,     900,     900,   9.6,  0.8,  10.9,  0.9
