2016/01/03 05:30:00,432131,172758,255,255,250,0,0,0,0,0,0,0,0,0,0,0,0,0,0,0,0,0,0,0,0,0,0,0,0,0,0,0,0,0,0,0,0,0,0,0,0,0,0,0,3,4,4,4,5,4,5,5,4,4,5,4,5,5,6,5,7,7,7,7,8,8,8,9,9,9,9,9,10,10,12,12,12,13,14,15,18,23,28,40,48,64,92,136,232,254,255,207,178,152,128,86,56,21,5,2,3,3,5,5,8,10,13,12,11,10,9,8,7,6,4,3,1,0,0,0,0,0,0,0,0,0,0,0,0,0,0,0,0,0,0,26
2016/01/05 05:30:00,441914,172806,253,255,252,0,0,0,0,0,0,0,0,0,0,0,0,0,0,0,0,0,0,0,0,0,0,0,0,0,0,0,0,0,0,0,0,0,0,0,0,0,0,0,3,4,4,4,5,5,5,5,5,4,5,5,5,5,6,6,7,8,7,7,8,8,8,9,9,9,9,10,10,11,12,11,13,14,14,15,18,23,29,39,48,64,92,138,235,255,254,209,185,156,134,93,66,25,5,2,3,4,4,6,8,10,12,12,11,9,9,8,6,6,5,3,1,0,0,0,0,0,0,0,0,0,0,0,0,0,0,0,0,0,0,26
2016/01/07 05:30:00,441887,172807,0,255,252,0,0,0,0,0,0,0,0,0,0,0,0,0,0,0,0,0,0,0,0,0,0,0,0,0,0,0,0,0,0,0,0,0,0,0,0,0,0,0,3,5,4,4,5,5,5,5,4,5,5,5,5,5,6,6,7,7,7,7,8,8,9,9,8,9,9,9,10,10,12,12,13,13,14,15,18,23,28,38,49,65,93,138,234,255,252,205,179,155,132,93,66,27,5,2,3,3,4,6,8,10,12,12,11,9,9,8,7,6,5,3,1,0,0,0,0,0,0,0,0,0,0,0,0,0,0,0,0,0,0,27
2016/01/09 05:30:00,445661,172807,254,255,252,0,0,0,0,0,0,0,0,0,0,0,0,0,0,0,0,0,0,0,0,0,0,0,0,0,0,0,0,0,0,0,0,0,0,0,0,0,0,0,3,4,4,4,5,4,5,5,4,4,4,5,5,5,6,6,7,7,7,7,8,8,8,9,9,8,9,9,10,10,12,11,13,13,14,15,19,23,28,40,47,64,90,133,231,252,255,209,182,157,131,90,60,20,4,2,3,3,4,6,8,10,13,12,11,9,9,8,7,5,5,3,1,0,0,0,0,0,0,0,0,0,0,0,0,0,0,0,0,0,0,26
2016/01/11 05:30:00,444404,172807,249,255,252,0,0,0,0,0,0,0,0,0,0,0,0,0,0,0,0,0,0,0,0,0,0,0,0,0,0,0,0,0,0,0,0,0,0,0,0,0,0,0,3,4,4,4,5,4,4,5,4,4,4,5,5,5,6,6,7,7,7,7,8,8,8,9,9,8,10,10,10,10,11,11,12,12,13,15,18,22,29,39,48,62,90,134,233,253,255,206,182,155,130,89,64,23,4,2,3,3,4,6,8,10,13,12,11,9,9,8,7,6,5,3,1,0,0,0,0,0,0,0,0,0,0,0,0,0,0,0,0,0,0,25
2016/01/13 05:30:00,447475,172807,254,255,252,0,0,0,0,0,0,0,0,0,0,0,0,0,0,0,0,0,0,0,0,0,0,0,0,0,0,0,0,0,0,0,0,0,0,0,0,0,0,0,4,4,4,4,5,4,5,5,4,5,4,4,5,5,6,6,7,7,8,6,8,8,8,9,8,8,9,9,10,10,11,11,12,13,14,15,18,21,28,38,46,62,88,133,229,255,254,209,182,154,132,91,60,19,4,3,3,3,4,6,8,10,13,12,11,10,9,8,7,6,5,3,1,0,0,0,0,0,0,0,0,0,0,0,0,0,0,0,0,0,0,26
2016/01/15 05:30:00,452972,172807,250,255,252,0,0,0,0,0,0,0,0,0,0,0,0,0,0,0,0,0,0,0,0,0,0,0,0,0,0,0,0,0,0,0,0,0,0,0,0,0,0,0,3,4,4,4,5,4,5,5,4,5,5,5,5,5,6,5,7,7,7,6,8,8,8,9,8,8,9,9,10,10,11,11,12,13,14,15,19,22,28,40,48,65,94,138,232,252,255,207,180,154,127,85,57,21,4,2,3,4,4,6,8,10,13,11,11,9,9,8,7,6,5,3,1,0,0,0,0,0,0,0,0,0,0,0,0,0,0,0,0,0,0,25
2016/01/18 08:15:00,457456,172759,0,7,251,0,0,0,0,0,0,0,0,0,0,0,0,0,0,0,0,0,0,0,0,0,0,0,0,0,0,0,0,0,0,0,0,0,0,0,0,0,0,0,3,4,4,4,5,4,5,5,4,5,4,4,5,5,6,6,7,7,7,7,8,8,9,9,9,9,9,9,9,10,11,12,12,13,14,15,18,22,28,39,47,62,91,133,232,251,255,207,182,153,128,88,56,19,4,2,3,3,4,6,8,10,13,12,11,10,9,8,7,6,5,3,1,0,0,0,0,0,0,0,0,0,0,0,0,0,0,0,0,0,0,25
2016/01/20 08:15:00,461476,172807,0,10,252,0,0,0,0,0,0,0,0,0,0,0,0,0,0,0,0,0,0,0,0,0,0,0,0,0,0,0,0,0,0,0,0,0,0,0,0,0,0,0,4,4,5,4,5,4,5,5,4,5,5,5,5,5,7,6,7,7,8,7,8,8,8,10,8,8,9,9,10,11,12,12,13,13,14,15,18,23,28,39,49,66,96,138,237,253,255,209,181,154,132,94,67,27,6,3,3,3,5,6,8,10,13,12,11,10,9,8,7,6,5,3,1,0,0,0,0,0,0,0,0,0,0,0,0,0,0,0,0,0,0,26
2016/01/22 08:15:00,457285,172807,255,10,253,0,0,0,0,0,0,0,0,0,0,0,0,0,0,0,0,0,0,0,0,0,0,0,0,0,0,0,0,0,0,0,0,0,0,0,0,0,0,0,3,4,4,4,5,5,5,5,4,5,4,4,5,5,6,6,7,8,7,6,8,8,8,9,8,9,9,9,10,10,12,12,12,13,13,15,17,21,28,37,46,61,89,131,228,253,255,204,179,156,132,95,68,22,3,2,3,3,4,6,7,10,12,12,11,9,9,8,7,6,5,3,1,0,0,0,0,0,0,0,0,0,0,0,0,0,0,0,0,0,0,25
2016/01/24 08:15:00,446928,172807,254,10,251,0,0,0,0,0,0,0,0,0,0,0,0,0,0,0,0,0,0,0,0,0,0,0,0,0,0,0,0,0,0,0,0,0,0,0,0,0,0,0,3,4,4,4,4,4,4,5,4,4,4,4,4,4,6,5,6,7,7,6,8,8,8,9,8,8,8,9,9,10,11,11,12,13,13,15,18,22,28,38,47,61,88,128,228,253,255,207,179,149,123,79,44,11,2,2,3,3,4,6,8,10,12,12,11,9,9,8,7,5,4,2,0,0,0,0,0,0,0,0,0,0,0,0,0,0,0,0,0,0,0,25
2016/01/26 08:15:00,461185,172808,0,10,250,0,0,0,0,0,0,0,0,0,0,0,0,0,0,0,0,0,0,0,0,0,0,0,0,0,0,0,0,0,0,0,0,0,0,0,0,0,0,0,3,4,4,4,5,4,4,5,4,4,4,4,5,5,6,5,6,7,7,6,8,8,9,9,8,8,8,9,10,10,11,11,12,13,14,15,18,22,28,39,48,63,90,131,232,255,253,205,177,147,122,76,41,13,3,2,3,3,4,6,8,9,12,12,11,9,9,8,6,5,4,2,0,0,0,0,0,0,0,0,0,0,0,0,0,0,0,0,0,0,0,24
2016/01/28 08:15:00,471396,172807,0,10,250,0,0,0,0,0,0,0,0,0,0,0,0,0,0,0,0,0,0,0,0,0,0,0,0,0,0,0,0,0,0,0,0,0,0,0,0,0,0,0,3,4,4,4,5,5,5,5,4,4,4,5,5,5,6,6,6,7,7,6,8,8,8,9,9,9,9,9,10,10,12,11,12,13,13,15,17,21,27,38,45,61,89,130,230,253,255,206,180,154,132,90,62,20,4,2,3,3,4,6,8,10,13,12,10,10,9,8,7,6,5,3,1,0,0,0,0,0,0,0,0,0,0,0,0,0,0,0,0,0,0,25
2016/01/30 08:15:00,460354,172807,0,10,250,0,0,0,0,0,0,0,0,0,0,0,0,0,0,0,0,0,0,0,0,0,0,0,0,0,0,0,0,0,0,0,0,0,0,0,0,0,0,0,3,4,4,4,4,4,5,5,5,4,5,4,5,5,6,6,7,7,7,7,8,8,8,9,8,9,9,9,10,10,11,12,13,13,14,15,18,22,28,38,47,62,91,132,231,253,255,208,180,154,131,87,58,20,4,2,3,3,4,6,8,10,13,12,11,10,9,8,7,6,5,3,1,0,0,0,0,0,0,0,0,0,0,0,0,0,0,0,0,0,0,25
2016/02/01 08:15:00,449249,172807,0,10,251,0,0,0,0,0,0,0,0,0,0,0,0,0,0,0,0,0,0,0,0,0,0,0,0,0,0,0,0,0,0,0,0,0,0,0,0,0,0,0,3,4,4,4,5,5,5,5,4,5,4,5,5,5,6,6,7,8,7,6,8,8,8,9,9,9,9,9,10,10,11,11,12,13,13,15,18,22,28,39,48,63,91,133,232,254,255,207,181,159,135,94,66,23,4,2,3,3,4,6,8,10,12,12,10,9,9,8,7,6,5,3,1,0,0,0,0,0,0,0,0,0,0,0,0,0,0,0,0,0,0,25
2016/02/03 08:15:00,455471,172806,0,10,251,0,0,0,0,0,0,0,0,0,0,0,0,0,0,0,0,0,0,0,0,0,0,0,0,0,0,0,0,0,0,0,0,0,0,0,0,0,0,0,3,4,4,4,4,4,5,5,4,5,5,5,5,5,6,6,7,7,7,7,8,8,8,9,8,9,9,10,10,10,12,12,12,13,14,15,18,22,28,38,48,64,92,135,237,253,255,206,180,156,134,92,65,24,5,2,3,3,4,6,8,10,12,11,11,10,9,8,7,6,5,3,1,0,0,0,0,0,0,0,0,0,0,0,0,0,0,0,0,0,0,27
2016/02/05 08:15:00,451064,172807,0,11,251,0,0,0,0,0,0,0,0,0,0,0,0,0,0,0,0,0,0,0,0,0,0,0,0,0,0,0,0,0,0,0,0,0,0,0,0,0,0,0,3,4,4,4,5,5,5,5,4,5,5,5,5,5,6,5,7,7,7,7,8,8,8,9,9,9,9,9,10,10,12,12,12,13,15,15,18,22,28,40,49,64,96,139,235,253,255,207,182,157,134,96,70,29,6,3,3,3,5,6,8,10,13,12,11,9,9,8,7,6,5,4,1,0,0,0,0,0,0,0,0,0,0,0,0,0,0,0,0,0,0,27
2016/02/07 08:15:00,438287,172807,0,11,251,0,0,0,0,0,0,0,0,0,0,0,0,0,0,0,0,0,0,0,0,0,0,0,0,0,0,0,0,0,0,0,0,0,0,0,0,0,0,0,3,4,4,4,5,4,5,5,4,4,5,5,5,5,6,5,7,7,7,7,8,8,8,9,8,9,9,9,10,10,11,12,12,13,13,15,18,22,27,38,48,63,90,133,234,255,254,206,180,154,132,91,64,23,5,2,3,3,4,6,8,10,13,12,11,10,9,8,7,6,5,3,1,0,0,0,0,0,0,0,0,0,0,0,0,0,0,0,0,0,0,27
2016/02/09 08:15:00,453078,172806,0,12,252,0,0,0,0,0,0,0,0,0,0,0,0,0,0,0,0,0,0,0,0,0,0,0,0,0,0,0,0,0,0,0,0,0,0,0,0,0,0,0,3,4,4,4,5,5,5,5,4,4,4,5,5,5,6,6,7,7,8,7,8,8,9,9,8,9,9,10,10,11,12,12,13,14,14,15,18,22,28,40,49,66,96,142,239,255,254,209,183,157,134,98,73,31,7,3,3,3,5,6,8,10,13,12,11,9,9,8,7,6,5,3,1,0,0,0,0,0,0,0,0,0,0,0,0,0,0,0,0,0,0,26
2016/02/11 08:15:00,466761,172806,0,12,252,0,0,0,0,0,0,0,0,0,0,0,0,0,0,0,0,0,0,0,0,0,0,0,0,0,0,0,0,0,0,0,0,0,0,0,0,0,0,0,3,4,5,4,5,5,5,5,4,5,5,5,5,5,6,6,7,7,7,7,9,8,9,9,9,9,10,10,10,11,12,12,13,13,14,16,18,22,29,40,50,68,99,144,241,252,255,209,184,158,139,102,81,36,8,3,3,4,5,6,9,10,13,12,10,10,9,8,7,6,5,4,2,0,0,0,0,0,0,0,0,0,0,0,0,0,0,0,0,0,0,26
2016/02/13 08:15:00,473394,172806,0,13,253,0,0,0,0,0,0,0,0,0,0,0,0,0,0,0,0,0,0,0,0,0,0,0,0,0,0,0,0,0,0,0,0,0,0,0,0,0,0,0,3,4,5,4,5,5,5,6,5,5,5,5,6,5,7,6,8,8,8,7,9,8,9,10,9,9,9,10,10,11,12,12,13,14,15,15,19,23,29,41,51,70,102,149,244,252,255,209,183,160,139,104,88,42,9,3,3,4,5,7,9,10,12,11,11,10,9,8,7,6,5,4,2,0,0,0,0,0,0,0,0,0,0,0,0,0,0,0,0,0,0,26
2016/02/15 08:15:00,450719,172806,0,13,253,0,0,0,0,0,0,0,0,0,0,0,0,0,0,0,0,0,0,0,0,0,0,0,0,0,0,0,0,0,0,0,0,0,0,0,0,0,0,0,4,4,4,4,4,5,5,5,4,5,5,5,5,5,6,5,7,7,8,7,8,8,9,9,9,9,9,9,10,10,11,11,12,13,14,15,18,21,28,39,47,62,93,134,232,250,255,204,182,157,134,98,76,28,5,2,3,3,4,6,8,10,13,12,11,9,9,8,7,6,5,4,1,0,0,0,0,0,0,0,0,0,0,0,0,0,0,0,0,0,0,26
2016/02/17 08:15:00,450071,172807,0,13,253,0,0,0,0,0,0,0,0,0,0,0,0,0,0,0,0,0,0,0,0,0,0,0,0,0,0,0,0,0,0,0,0,0,0,0,0,0,0,0,4,5,4,4,5,5,5,6,5,5,5,5,5,5,6,6,8,7,7,7,8,8,9,9,9,9,9,10,10,10,12,12,13,14,14,16,18,22,29,39,49,65,95,140,239,254,255,211,184,160,138,101,77,31,6,3,3,3,5,6,8,10,13,12,11,10,8,8,7,6,6,4,1,0,0,0,0,0,0,0,0,0,0,0,0,0,0,0,0,0,0,26
2016/02/19 08:15:00,455061,172806,0,13,253,0,0,0,0,0,0,0,0,0,0,0,0,0,0,0,0,0,0,0,0,0,0,0,0,0,0,0,0,0,0,0,0,0,0,0,0,0,0,0,3,5,4,4,5,5,5,5,5,4,5,5,5,5,7,6,7,7,7,7,8,8,9,10,9,9,9,9,10,11,11,11,12,14,14,15,18,22,29,39,49,65,98,142,239,251,255,205,183,158,137,100,78,34,7,2,3,4,5,6,8,10,13,12,11,9,9,8,7,6,5,4,2,0,0,0,0,0,0,0,0,0,0,0,0,0,0,0,0,0,0,25
2016/02/21 08:15:00,458571,172807,0,13,253,0,0,0,0,0,0,0,0,0,0,0,0,0,0,0,0,0,0,0,0,0,0,0,0,0,0,0,0,0,0,0,0,0,0,0,0,0,0,0,3,4,4,4,5,4,5,5,4,4,5,5,5,5,7,5,7,8,7,7,8,8,9,9,8,9,9,9,10,10,12,12,13,14,14,15,18,22,28,39,49,67,96,142,238,249,255,206,183,158,137,98,77,33,7,3,3,3,5,6,8,10,12,11,11,10,9,8,7,6,5,4,1,0,0,0,0,0,0,0,0,0,0,0,0,0,0,0,0,0,0,26
2016/02/23 08:15:00,446989,172806,0,13,254,0,0,0,0,0,0,0,0,0,0,0,0,0,0,0,0,0,0,0,0,0,0,0,0,0,0,0,0,0,0,0,0,0,0,0,0,0,0,0,3,4,5,4,4,5,5,5,5,5,5,5,5,5,7,6,7,7,7,7,9,8,9,10,8,9,9,10,10,11,11,12,12,13,14,15,19,22,28,39,48,65,96,139,241,255,254,207,184,159,137,100,80,32,6,2,3,3,5,6,8,10,13,11,10,9,9,8,7,6,5,4,1,0,0,0,0,0,0,0,0,0,0,0,0,0,0,0,0,0,0,27
2016/02/25 08:15:00,442560,172807,0,13,254,0,0,0,0,0,0,0,0,0,0,0,0,0,0,0,0,0,0,0,0,0,0,0,0,0,0,0,0,0,0,0,0,0,0,0,0,0,0,0,3,4,4,4,5,4,5,5,5,5,5,5,5,5,6,6,7,8,7,7,8,8,8,9,9,9,9,10,10,11,12,12,12,13,14,15,18,22,28,39,47,65,93,137,237,254,255,209,183,157,135,97,70,26,5,2,3,3,4,6,8,10,13,12,10,10,9,8,7,6,5,3,1,0,0,0,0,0,0,0,0,0,0,0,0,0,0,0,0,0,0,26
2016/02/27 08:15:00,441839,172807,0,13,254,0,0,0,0,0,0,0,0,0,0,0,0,0,0,0,0,0,0,0,0,0,0,0,0,0,0,0,0,0,0,0,0,0,0,0,0,0,0,0,3,4,4,4,4,4,5,5,4,4,5,4,5,5,6,5,7,7,7,7,8,8,8,9,8,9,9,9,10,10,11,11,12,13,14,15,18,22,29,39,47,64,92,135,238,253,255,210,180,154,130,88,59,22,5,2,3,3,4,6,8,10,12,12,11,10,9,8,7,5,5,3,1,0,0,0,0,0,0,0,0,0,0,0,0,0,0,0,0,0,0,27
2016/02/29 08:15:00,435535,172807,0,13,254,0,0,0,0,0,0,0,0,0,0,0,0,0,0,0,0,0,0,0,0,0,0,0,0,0,0,0,0,0,0,0,0,0,0,0,0,0,0,0,3,5,4,4,5,5,5,5,4,4,5,5,5,5,6,6,7,7,7,7,9,8,8,9,8,9,9,9,10,10,12,12,13,13,14,15,18,22,29,39,50,67,97,141,237,251,255,207,184,156,134,94,68,28,8,3,3,3,5,6,8,10,13,12,11,10,9,8,7,6,5,4,1,0,0,0,0,0,0,0,0,0,0,0,0,0,0,0,0,0,0,27
2016/03/02 08:15:00,447138,172806,0,15,254,0,0,0,0,0,0,0,0,0,0,0,0,0,0,0,0,0,0,0,0,0,0,0,0,0,0,0,0,0,0,0,0,0,0,0,0,0,0,0,3,5,4,4,5,5,5,5,5,5,5,5,5,5,7,6,7,8,7,7,8,9,9,9,9,9,9,10,10,11,12,12,13,14,15,16,18,23,29,42,51,69,103,149,240,252,255,206,185,158,137,99,77,36,9,3,3,4,5,7,9,10,12,12,11,10,9,8,7,6,5,4,2,0,0,0,0,0,0,0,0,0,0,0,0,0,0,0,0,0,0,27
2016/03/04 08:15:00,457637,172807,0,16,254,0,0,0,0,0,0,0,0,0,0,0,0,0,0,0,0,0,0,0,0,0,0,0,0,0,0,0,0,0,0,0,0,0,0,0,0,0,0,0,4,5,4,4,5,5,5,6,5,5,5,5,5,5,7,6,7,8,8,7,8,9,9,9,9,9,10,10,10,11,12,12,13,13,14,16,19,23,30,42,52,70,105,152,244,253,255,208,183,159,137,100,77,39,10,3,3,4,5,7,9,11,13,12,11,10,9,8,7,6,5,4,2,0,0,0,0,0,0,0,0,0,0,0,0,0,0,0,0,0,0,26
2016/03/06 08:15:00,459967,172806,0,16,254,0,0,0,0,0,0,0,0,0,0,0,0,0,0,0,0,0,0,0,0,0,0,0,0,0,0,0,0,0,0,0,0,0,0,0,0,0,0,0,3,5,4,4,4,5,5,5,4,4,5,5,5,5,6,6,7,7,7,7,8,8,8,10,9,9,9,9,10,10,12,12,13,14,14,15,19,23,30,40,51,68,102,146,237,250,255,208,183,157,134,95,71,33,9,3,3,4,5,6,9,10,13,12,11,10,9,8,7,6,5,3,1,0,0,0,0,0,0,0,0,0,0,0,0,0,0,0,0,0,0,25
2016/03/08 08:15:00,469015,172807,0,18,254,0,0,0,0,0,0,0,0,0,0,0,0,0,0,0,0,0,0,0,0,0,0,0,0,0,0,0,0,0,0,0,0,0,0,0,0,0,0,0,4,5,5,5,5,5,5,6,5,5,5,5,5,6,7,6,8,8,8,7,9,9,9,10,9,10,10,10,11,12,13,13,14,14,15,16,19,24,31,43,55,77,114,161,245,252,255,207,184,161,139,107,91,47,14,4,3,4,6,7,9,11,13,12,10,10,9,8,7,6,6,5,2,0,0,0,0,0,0,0,0,0,0,0,0,0,0,0,0,0,1,27
2016/03/10 08:15:00,466949,172806,0,18,254,0,0,0,0,0,0,0,0,0,0,0,0,0,0,0,0,0,0,0,0,0,0,0,0,0,0,0,0,0,0,0,0,0,0,0,0,0,0,0,4,5,5,5,5,5,5,6,5,5,5,5,5,5,6,6,7,8,7,7,8,9,9,10,9,9,9,10,10,11,13,12,14,13,14,16,19,23,30,41,52,72,108,152,245,252,255,206,185,160,138,103,84,39,10,3,3,4,5,7,9,10,13,12,11,10,9,8,7,6,6,4,2,0,0,0,0,0,0,0,0,0,0,0,0,0,0,0,0,0,0,26
2016/03/12 08:15:00,476158,172807,0,18,254,0,0,0,0,0,0,0,0,0,0,0,0,0,0,0,0,0,0,0,0,0,0,0,0,0,0,0,0,0,0,0,0,0,0,0,0,0,0,0,4,4,4,4,4,5,5,5,4,5,5,5,5,5,7,6,8,8,8,7,8,8,9,9,9,9,10,9,10,11,12,12,12,14,15,16,19,23,30,40,51,71,105,149,241,252,255,208,183,158,136,98,76,35,10,3,3,4,5,7,8,10,13,12,11,10,9,8,7,6,5,4,1,0,0,0,0,0,0,0,0,0,0,0,0,0,0,0,0,0,0,25
2016/03/14 08:15:00,466341,172806,0,19,255,0,0,0,0,0,0,0,0,0,0,0,0,0,0,0,0,0,0,0,0,0,0,0,0,0,0,0,0,0,0,0,0,0,0,0,0,0,0,0,4,5,5,5,5,5,5,6,5,5,5,6,5,6,7,7,9,8,8,8,9,9,10,10,9,10,10,10,11,12,13,13,14,15,15,17,20,25,32,46,58,82,121,167,254,250,255,209,187,163,145,112,98,55,16,4,3,5,6,8,9,11,12,12,10,10,9,8,7,7,6,5,3,1,0,0,0,0,0,0,0,0,0,0,0,0,0,0,0,0,1,28
2016/03/16 08:15:00,466374,172806,0,19,255,0,0,0,0,0,0,0,0,0,0,0,0,0,0,0,0,0,0,0,0,0,0,0,0,0,0,0,0,0,0,0,0,0,0,0,0,0,0,0,4,5,5,4,5,5,5,6,5,5,5,5,6,6,7,7,8,8,8,8,9,9,9,10,9,10,10,11,12,12,13,14,14,16,16,16,20,24,33,45,57,81,121,169,255,254,254,211,189,165,145,112,98,55,16,4,3,5,6,7,9,11,13,12,11,10,9,8,7,7,6,5,3,1,0,0,0,0,0,0,0,0,0,0,0,0,0,0,0,0,1,28
2016/03/18 08:15:00,443403,172806,0,19,255,0,0,0,0,0,0,0,0,0,0,0,0,0,0,0,0,0,0,0,0,0,0,0,0,0,0,0,0,0,0,0,0,0,0,0,0,0,0,0,3,5,4,4,5,5,5,6,5,5,5,5,5,5,7,7,8,8,8,7,9,8,9,10,9,9,10,10,10,11,12,12,13,14,15,16,19,23,29,41,51,69,107,153,246,251,255,208,186,159,137,103,84,41,10,3,3,4,5,7,9,10,13,12,10,10,9,8,7,6,5,4,2,0,0,0,0,0,0,0,0,0,0,0,0,0,0,0,0,0,0,28
2016/03/20 08:15:00,450665,172806,0,20,255,0,0,0,0,0,0,0,0,0,0,0,0,0,0,0,0,0,0,0,0,0,0,0,0,0,0,0,0,0,0,0,0,0,0,0,0,0,0,0,4,5,5,5,5,5,5,6,5,5,5,5,5,5,7,7,8,9,8,7,9,9,9,10,10,10,10,10,11,12,13,13,14,15,16,17,20,24,32,46,57,82,121,164,249,250,255,209,187,161,143,109,94,53,16,4,3,5,6,7,9,11,12,11,11,10,9,9,7,6,6,5,2,1,0,0,0,0,0,0,0,0,0,0,0,0,0,0,0,0,1,28
2016/03/22 08:15:00,445160,172806,0,20,0,0,0,0,0,0,0,0,0,0,0,0,0,0,0,0,0,0,0,0,0,0,0,0,0,0,0,0,0,0,0,0,0,0,0,0,0,0,0,0,4,5,5,5,6,5,6,6,5,5,5,5,5,5,8,7,8,8,8,8,9,9,9,10,10,9,10,11,11,11,13,13,14,14,15,17,20,26,33,46,59,82,124,169,255,246,251,208,182,161,141,109,100,58,17,4,3,4,6,7,10,11,13,12,10,9,9,8,7,7,6,6,3,1,0,0,0,0,0,0,0,0,0,0,0,0,0,0,0,0,1,30
2016/03/24 08:15:00,418456,172806,0,20,0,0,0,0,0,0,0,0,0,0,0,0,0,0,0,0,0,0,0,0,0,0,0,0,0,0,0,0,0,0,0,0,0,0,0,0,0,0,0,0,3,5,5,4,5,5,5,6,5,5,5,5,5,5,7,6,7,8,8,7,9,8,9,10,9,9,9,10,11,11,12,12,13,14,15,15,19,22,28,41,49,67,100,148,248,254,255,209,185,162,141,106,90,42,8,3,3,4,4,6,8,11,13,12,10,10,9,8,7,6,6,5,2,0,0,0,0,0,0,0,0,0,0,0,0,0,0,0,0,0,1,30
2016/03/26 08:15:00,423946,172807,0,20,0,0,0,0,0,0,0,0,0,0,0,0,0,0,0,0,0,0,0,0,0,0,0,0,0,0,0,0,0,0,0,0,0,0,0,0,0,0,0,0,3,4,4,4,5,5,5,5,5,5,5,5,5,5,6,6,7,8,8,6,8,8,8,9,9,9,10,9,10,11,12,12,12,13,14,15,19,22,29,40,50,66,99,145,242,250,255,206,182,159,138,104,82,37,8,3,3,3,5,6,9,10,13,12,11,9,9,8,7,6,6,4,2,0,0,0,0,0,0,0,0,0,0,0,0,0,0,0,0,0,0,29
2016/03/28 08:15:00,433993,172806,0,20,0,0,0,0,0,0,0,0,0,0,0,0,0,0,0,0,0,0,0,0,0,0,0,0,0,0,0,0,0,0,0,0,0,0,0,0,0,0,0,0,4,5,5,5,5,5,5,6,5,5,5,5,5,5,7,7,8,8,8,7,9,8,9,10,9,10,10,10,12,11,12,13,14,15,15,16,20,24,31,44,56,77,114,163,251,255,254,213,187,165,144,109,94,48,14,4,4,4,6,7,9,11,14,12,11,10,9,8,7,6,6,5,2,1,0,0,0,0,0,0,0,0,0,0,0,0,0,0,0,0,1,30
2016/03/30 08:15:00,417378,172806,0,20,0,0,0,0,0,0,0,0,0,0,0,0,0,0,0,0,0,0,0,0,0,0,0,0,0,0,0,0,0,0,0,0,0,0,0,0,0,0,0,0,4,5,5,4,5,5,5,5,5,5,5,5,5,5,7,7,8,8,8,8,9,8,9,9,9,10,9,10,10,11,13,13,13,14,15,16,19,24,30,43,52,73,109,159,253,252,255,209,186,162,142,109,94,48,11,3,3,4,5,7,9,11,13,12,11,10,9,9,7,6,6,5,3,0,0,0,0,0,0,0,0,0,0,0,0,0,0,0,0,0,1,30
2016/04/01 08:15:00,424092,172806,0,20,0,0,0,0,0,0,0,0,0,0,0,0,0,0,0,0,0,0,0,0,0,0,0,0,0,0,0,0,0,0,0,0,0,0,0,0,0,0,0,0,4,5,5,5,6,5,5,6,5,5,5,5,5,5,7,7,8,8,8,8,9,9,9,10,10,9,10,10,11,11,13,13,14,14,15,17,20,24,31,45,56,77,114,163,254,253,255,212,188,165,144,112,96,51,14,4,4,4,5,8,9,11,13,12,11,10,9,8,7,7,6,5,3,1,0,0,0,0,0,0,0,0,0,0,0,0,0,0,0,0,1,30
2016/04/03 08:15:00,429844,172806,0,21,0,0,0,0,0,0,0,0,0,0,0,0,0,0,0,0,0,0,0,0,0,0,0,0,0,0,0,0,0,0,0,0,0,0,0,0,0,0,0,0,4,5,5,5,5,5,6,6,5,5,5,5,6,6,7,7,8,9,8,8,10,9,9,11,10,10,11,11,11,12,13,14,14,15,16,17,21,26,34,48,61,87,131,174,255,251,254,212,189,165,147,113,100,59,19,5,4,5,6,8,10,11,13,12,11,10,9,8,8,7,6,5,3,1,0,0,0,0,0,0,0,0,0,0,0,0,0,0,0,0,1,30
2016/04/05 08:15:00,435958,172806,0,24,0,0,0,0,0,0,0,0,0,0,0,0,0,0,0,0,0,0,0,0,0,0,0,0,0,0,0,0,0,0,0,0,0,0,0,0,0,0,0,0,4,5,5,5,6,5,6,7,5,5,5,5,6,6,8,7,9,9,8,8,10,10,10,11,9,10,11,11,12,12,13,13,15,16,16,17,21,26,35,51,65,96,137,180,255,241,245,203,181,161,143,112,105,67,24,6,4,5,7,8,9,11,12,12,10,10,9,8,7,6,6,5,4,1,0,0,0,0,0,0,0,0,0,0,0,0,0,0,0,0,1,30
2016/04/07 08:15:00,426140,172806,0,24,0,0,0,0,0,0,0,0,0,0,0,0,0,0,0,0,0,0,0,0,0,0,0,0,0,0,0,0,0,0,0,0,0,0,0,0,0,0,0,0,4,5,5,4,5,5,5,6,5,5,5,5,6,6,7,7,9,8,8,8,9,9,10,11,9,10,11,11,11,12,14,13,14,15,15,17,21,25,32,46,59,85,127,175,255,242,248,204,181,161,140,111,103,63,19,4,3,4,6,8,10,11,12,11,11,9,9,8,7,6,6,5,3,1,0,0,0,0,0,0,0,0,0,0,0,0,0,0,0,0,1,31
2016/04/09 08:15:00,424443,172806,0,24,0,0,0,0,0,0,0,0,0,0,0,0,0,0,0,0,0,0,0,0,0,0,0,0,0,0,0,0,0,0,0,0,0,0,0,0,0,0,0,0,4,5,5,4,5,5,5,6,5,5,5,5,6,6,7,7,8,9,8,8,9,9,9,10,9,10,10,10,11,12,13,14,14,14,14,17,20,25,32,45,57,81,121,167,255,247,247,207,185,162,143,110,101,59,17,4,3,4,6,7,9,11,12,12,11,10,9,8,7,7,7,5,3,1,0,0,0,0,0,0,0,0,0,0,0,0,0,0,0,0,1,30
2016/04/11 08:15:00,431117,172805,0,24,0,0,0,0,0,0,0,0,0,0,0,0,0,0,0,0,0,0,0,0,0,0,0,0,0,0,0,0,0,0,0,0,0,0,0,0,0,0,0,0,4,5,5,5,5,6,5,6,5,5,5,5,6,5,8,7,8,8,8,8,9,9,9,11,9,10,10,11,11,12,13,13,14,15,16,16,20,25,32,45,57,81,122,171,255,249,250,209,186,162,143,113,99,59,17,4,3,5,6,7,9,11,13,12,11,10,9,8,7,6,6,5,3,1,0,0,0,0,0,0,0,0,0,0,0,0,0,0,0,0,1,30
2016/04/13 08:15:00,439334,172805,0,24,1,0,0,0,0,0,0,0,0,0,0,0,0,0,0,0,0,0,0,0,0,0,0,0,0,0,0,0,0,0,0,0,0,0,0,0,0,0,0,0,4,5,5,5,5,5,5,6,5,5,5,5,5,6,7,7,9,8,8,8,9,9,10,10,10,11,10,11,11,12,13,13,15,15,16,17,21,25,33,49,64,90,134,179,255,244,246,207,183,162,143,111,103,66,21,5,4,5,6,8,10,11,13,11,11,10,9,9,7,6,6,5,3,1,0,0,0,0,0,0,0,0,0,0,0,0,0,0,0,0,1,29
2016/04/15 08:15:00,428294,172805,0,24,1,0,0,0,0,0,0,0,0,0,0,0,0,0,0,0,0,0,0,0,0,0,0,0,0,0,0,0,0,0,0,0,0,0,0,0,0,0,0,0,4,5,5,5,5,5,5,6,5,5,5,5,6,5,7,7,8,8,8,7,9,9,9,10,10,9,11,10,11,12,13,13,14,15,15,16,19,25,32,45,57,81,123,171,255,244,244,205,182,161,142,109,99,60,17,4,3,5,6,8,10,11,13,11,10,9,9,8,7,6,6,5,3,1,0,0,0,0,0,0,0,0,0,0,0,0,0,0,0,0,1,30
2016/04/17 08:15:00,429097,172806,0,24,1,0,0,0,0,0,0,0,0,0,0,0,0,0,0,0,0,0,0,0,0,0,0,0,0,0,0,0,0,0,0,0,0,0,0,0,0,0,0,0,3,5,5,4,5,5,5,6,5,5,5,5,5,5,7,6,8,8,8,7,9,9,9,10,9,10,9,10,11,11,12,13,13,14,15,16,19,23,31,41,52,72,108,158,251,253,255,212,187,162,145,108,93,50,12,3,3,4,5,7,10,11,13,11,11,10,9,9,7,6,6,5,2,0,0,0,0,0,0,0,0,0,0,0,0,0,0,0,0,0,1,29
2016/04/19 08:15:00,442568,172806,0,24,1,0,0,0,0,0,0,0,0,0,0,0,0,0,0,0,0,0,0,0,0,0,0,0,0,0,0,0,0,0,0,0,0,0,0,0,0,0,0,0,4,5,5,5,5,5,5,6,5,5,5,5,6,5,7,7,9,8,8,8,9,9,10,11,10,10,11,10,11,12,13,13,14,14,16,17,20,25,33,46,59,84,124,166,250,255,254,209,186,163,143,112,97,53,18,5,4,4,6,7,9,11,12,12,11,10,9,8,7,6,6,5,3,1,0,0,0,0,0,0,0,0,0,0,0,0,0,0,0,0,1,30
2016/04/21 08:15:00,421276,172805,0,24,1,0,0,0,0,0,0,0,0,0,0,0,0,0,0,0,0,0,0,0,0,0,0,0,0,0,0,0,0,0,0,0,0,0,0,0,0,0,0,0,4,5,5,5,5,5,5,6,5,5,5,5,5,5,7,7,8,8,8,8,9,9,9,10,10,10,11,10,11,12,13,14,14,15,15,16,20,25,32,44,58,80,121,171,254,251,255,209,185,164,144,111,99,57,16,4,3,4,6,7,10,11,13,12,11,10,9,9,8,6,6,5,3,1,0,0,0,0,0,0,0,0,0,0,0,0,0,0,0,0,1,32
2016/04/23 08:15:00,419912,172805,0,24,1,0,0,0,0,0,0,0,0,0,0,0,0,0,0,0,0,0,0,0,0,0,0,0,0,0,0,0,0,0,0,0,0,0,0,0,0,0,0,0,4,5,5,4,5,5,5,6,5,5,5,5,6,5,7,7,8,9,8,7,9,9,9,10,10,10,10,10,11,11,13,12,14,14,14,16,19,24,31,44,54,76,114,164,253,250,255,207,186,163,144,109,98,54,13,4,3,4,5,7,9,11,12,12,10,9,9,8,7,7,6,5,3,0,0,0,0,0,0,0,0,0,0,0,0,0,0,0,0,0,1,29
2016/04/25 08:15:00,424961,172805,0,24,1,0,0,0,0,0,0,0,0,0,0,0,0,0,0,0,0,0,0,0,0,0,0,0,0,0,0,0,0,0,0,0,0,0,0,0,0,0,0,0,4,5,5,4,5,5,5,5,5,5,5,5,6,6,7,7,8,9,8,8,9,9,9,10,9,9,10,11,11,12,13,12,14,15,15,16,19,25,32,45,58,81,122,172,255,242,244,202,182,159,140,110,101,61,17,4,3,4,6,7,10,10,13,12,11,10,9,8,7,6,6,5,3,1,0,0,0,0,0,0,0,0,0,0,0,0,0,0,0,0,1,29
2016/04/27 08:15:00,417739,172805,0,24,2,0,0,0,0,0,0,0,0,0,0,0,0,0,0,0,0,0,0,0,0,0,0,0,0,0,0,0,0,0,0,0,0,0,0,0,0,0,0,0,4,5,5,5,6,5,5,6,5,5,5,6,6,5,8,7,8,8,9,8,9,9,10,10,10,10,10,11,11,12,13,13,14,14,15,17,20,24,32,45,57,80,121,171,255,250,251,208,187,162,144,110,99,57,16,4,3,4,6,7,10,11,13,12,10,10,9,9,7,6,6,5,3,1,0,0,0,0,0,0,0,0,0,0,0,0,0,0,0,0,1,31
2016/04/29 08:15:00,421906,172806,0,24,2,0,1,0,0,0,0,0,0,0,0,0,0,0,0,0,0,0,0,0,0,0,0,0,0,0,0,0,0,0,0,0,0,0,0,0,0,0,0,0,3,5,5,5,5,5,5,6,5,5,5,5,6,6,7,8,9,8,8,8,9,9,9,10,10,10,11,11,11,12,14,13,14,15,16,17,21,25,33,47,60,87,129,175,255,243,249,206,185,162,143,112,102,62,20,5,4,4,6,8,9,11,13,11,10,10,10,8,7,6,6,5,3,1,0,0,0,0,0,0,0,0,0,0,0,0,0,0,0,0,1,31
2016/05/01 08:15:00,427894,172806,0,24,2,0,1,0,0,0,0,0,0,0,0,0,0,0,0,0,0,0,0,0,0,0,0,0,0,0,0,0,0,0,0,0,0,0,0,0,0,0,0,0,4,5,5,5,5,5,5,6,5,5,5,5,5,6,7,7,8,8,8,8,10,9,9,11,9,10,11,11,11,12,14,13,15,15,16,17,21,26,32,47,59,84,127,174,255,246,247,205,184,160,142,112,102,63,19,4,4,4,6,8,9,11,12,11,10,9,9,8,7,6,6,5,3,1,0,0,0,0,0,0,0,0,0,0,0,0,0,0,0,0,1,30
2016/05/03 08:15:00,438012,172806,0,24,2,0,1,0,0,0,0,0,0,0,0,0,0,0,0,0,0,0,0,0,0,0,0,0,0,0,0,0,0,0,0,0,0,0,0,0,0,0,0,0,4,5,5,5,5,5,5,6,5,5,5,5,6,6,8,8,9,9,9,8,10,9,10,11,10,10,11,11,12,12,13,14,15,16,16,18,23,27,35,52,68,100,144,180,255,242,248,206,184,162,145,113,105,68,26,6,4,5,7,9,9,11,12,11,11,10,9,8,7,6,6,5,3,1,0,0,0,0,0,0,0,0,0,0,0,0,0,0,0,0,1,30
2016/05/05 08:15:00,441776,172805,0,25,2,0,1,0,0,0,0,0,0,0,0,0,0,0,0,0,0,0,0,0,0,0,0,0,0,0,0,0,0,0,0,0,0,0,0,0,0,0,0,0,4,6,5,5,5,6,6,6,6,5,5,6,6,6,8,8,9,9,9,8,10,10,10,11,10,11,11,12,12,12,14,14,15,16,17,18,22,28,37,55,73,109,152,187,255,242,251,208,185,165,144,117,106,72,28,8,4,5,7,9,10,11,13,11,10,10,9,9,7,6,6,6,3,2,0,0,0,0,0,0,0,0,0,0,0,0,0,0,0,0,1,32
2016/05/07 08:15:00,426008,172805,0,27,2,0,1,0,0,0,0,0,0,0,0,0,0,0,0,0,0,0,0,0,0,0,0,0,0,0,0,0,0,0,0,0,0,0,0,0,0,0,0,0,4,5,5,5,5,5,6,6,5,5,6,6,6,6,8,8,9,9,9,8,10,10,10,11,10,10,11,11,12,12,14,14,15,16,17,18,22,28,37,55,73,104,147,184,255,240,245,203,183,161,141,115,107,73,28,7,4,5,7,9,10,11,12,10,11,9,8,8,7,7,6,6,4,2,0,0,0,0,0,0,0,0,0,0,0,0,0,0,0,0,1,31
2016/05/09 08:15:00,399517,172806,0,27,3,0,1,0,0,0,0,0,0,0,0,0,0,0,0,0,0,0,0,0,0,0,0,0,0,0,0,0,0,0,0,0,0,0,0,0,0,0,0,0,4,5,5,4,5,5,6,6,5,5,5,5,5,6,8,7,9,9,9,8,9,10,10,10,10,10,11,11,11,12,13,13,15,15,16,17,21,25,33,48,60,88,132,180,255,242,245,206,181,158,141,112,104,67,21,4,4,5,6,8,10,11,12,11,11,9,9,8,7,6,6,5,4,1,0,0,0,0,0,0,0,0,0,0,0,0,0,0,0,0,1,34
2016/05/11 08:15:00,409755,172806,0,27,3,0,1,0,0,0,0,0,0,0,0,0,0,0,0,0,0,0,0,0,0,0,0,0,0,0,0,0,0,0,0,0,0,0,0,0,0,0,0,0,4,5,5,5,6,6,5,6,5,6,5,6,6,6,8,7,9,8,9,9,10,9,10,11,10,10,11,11,12,13,13,14,15,16,17,17,22,27,35,51,67,97,138,180,255,245,248,208,185,164,144,115,104,68,24,6,4,5,7,8,10,11,13,12,11,10,9,9,8,7,6,5,3,1,0,0,0,0,0,0,0,0,0,0,0,0,0,0,0,0,1,33
2016/05/13 08:15:00,421828,172805,0,27,3,0,1,0,0,0,0,0,0,0,0,0,0,0,0,0,0,0,0,0,0,0,0,0,0,0,0,0,0,0,0,0,0,0,0,0,0,0,0,0,4,5,5,5,6,5,6,6,6,5,6,6,6,6,9,8,9,9,9,8,10,10,10,12,10,11,11,11,12,13,15,14,15,16,17,19,23,29,39,56,77,111,155,193,255,234,243,204,182,161,142,115,110,78,32,8,4,5,7,9,10,11,12,12,11,9,9,8,7,6,7,6,4,2,0,0,0,0,0,0,0,0,0,0,0,0,0,0,0,0,1,32
2016/05/15 08:15:00,410610,172806,0,27,3,0,1,0,0,0,0,0,0,0,0,0,0,0,0,0,0,0,0,0,0,0,0,0,0,0,0,0,0,0,0,0,0,0,0,0,0,0,0,0,4,5,5,4,5,5,6,6,5,5,5,6,6,6,7,7,8,8,8,8,9,9,9,11,10,10,11,11,12,12,14,13,14,15,16,18,21,25,33,47,64,87,127,170,255,248,253,208,186,163,142,112,102,60,19,5,4,5,6,8,9,11,13,11,11,9,9,8,7,6,6,5,3,1,0,0,0,0,0,0,0,0,0,0,0,0,0,0,0,0,1,33
2016/05/17 08:15:00,414269,172806,0,27,3,0,1,0,0,0,0,0,0,0,0,0,0,0,0,0,0,0,0,0,0,0,0,0,0,0,0,0,0,0,0,0,0,0,0,0,0,0,0,0,4,5,5,5,6,5,5,6,6,5,5,6,6,6,7,8,8,9,9,8,10,9,10,10,10,10,10,10,11,12,13,14,14,15,16,17,21,26,34,48,64,89,135,180,255,239,245,203,182,159,140,112,102,67,22,5,3,5,6,8,10,11,13,11,10,9,9,8,7,6,6,6,3,1,0,0,0,0,0,0,0,0,0,0,0,0,0,0,0,0,1,31
2016/05/19 08:15:00,417260,172805,0,27,3,0,1,0,0,0,0,0,0,0,0,0,0,0,0,0,0,0,0,0,0,0,0,0,0,0,0,0,0,0,0,0,0,0,0,0,0,0,0,0,4,5,5,5,5,5,5,6,5,5,5,6,6,6,8,8,8,8,9,8,9,9,10,11,10,10,11,11,11,12,14,14,14,15,16,17,20,27,34,49,66,94,141,184,255,239,241,204,183,161,142,112,103,68,24,5,4,5,7,8,10,11,13,11,11,9,9,8,8,6,6,6,3,1,0,0,0,0,0,0,0,0,0,0,0,0,0,0,0,0,1,32
2016/05/23 04:31:00,398744,172741,3,20,11,1,1,0,0,0,0,0,0,0,0,0,0,0,0,0,0,0,0,0,0,0,0,0,0,0,0,0,0,0,0,0,0,0,0,0,0,0,0,0,4,5,5,5,5,5,5,6,5,5,5,6,5,6,8,7,8,8,8,8,9,9,10,10,10,10,11,11,11,12,14,14,14,16,16,17,21,26,35,48,63,91,136,186,255,240,245,201,179,158,142,111,103,65,19,5,4,5,7,8,10,11,12,12,11,9,9,9,7,7,6,5,3,1,0,0,0,0,0,0,0,0,0,0,0,0,0,0,0,0,1,32
2016/05/25 04:31:00,411446,172805,3,26,12,1,0,0,0,0,0,0,0,0,0,0,0,0,0,0,0,0,0,0,0,0,0,0,0,0,0,0,0,0,0,0,0,0,0,0,0,0,0,0,4,5,5,5,6,6,6,6,5,6,6,6,6,6,9,8,9,9,9,9,10,10,11,12,10,11,11,11,12,13,15,15,16,17,18,18,24,29,39,58,79,112,160,194,255,239,243,203,180,164,141,116,108,74,28,7,4,6,8,9,10,11,12,11,10,9,9,8,8,7,6,6,4,2,0,0,0,0,0,0,0,0,0,0,0,0,0,0,0,0,1,34
2016/05/27 04:31:00,398037,172806,3,26,10,1,1,0,0,0,0,0,0,0,0,0,0,0,0,0,0,0,0,0,0,0,0,0,0,0,0,0,0,0,0,0,0,0,0,0,0,0,0,0,4,5,5,4,5,5,6,5,5,5,5,5,6,6,7,7,8,8,8,8,9,9,9,9,9,9,10,10,11,12,13,13,14,14,15,16,20,24,31,44,56,76,115,169,255,248,249,205,182,161,140,108,96,52,11,3,3,4,6,7,10,11,13,11,11,10,9,8,7,7,6,5,2,0,0,0,0,0,0,0,0,0,0,0,0,0,0,0,0,0,1,33
2016/05/29 04:31:00,384715,172806,3,26,10,1,1,0,0,0,0,0,0,0,0,0,0,0,0,0,0,0,0,0,0,0,0,0,0,0,0,0,0,0,0,0,0,0,0,0,0,0,0,0,4,5,5,5,5,5,6,6,5,5,5,5,6,6,7,7,9,9,8,8,9,9,10,10,10,10,10,11,11,12,12,13,14,15,16,17,20,26,33,48,60,86,133,183,255,240,244,201,181,159,141,110,101,62,18,4,3,5,7,8,10,11,12,12,11,10,9,8,7,6,6,5,3,1,0,0,0,0,0,0,0,0,0,0,0,0,0,0,0,0,1,34
2016/05/31 04:31:00,393454,172805,3,26,11,1,1,0,0,0,0,0,0,0,0,0,0,0,0,0,0,0,0,0,0,0,0,0,0,0,0,0,0,0,0,0,0,0,0,0,0,0,0,0,4,6,5,5,6,6,5,7,6,6,6,5,6,6,9,8,10,9,9,8,11,10,10,11,10,11,11,12,12,13,15,15,16,17,18,19,25,30,39,59,80,116,166,203,255,232,236,200,179,159,144,115,108,79,31,8,5,6,8,10,11,11,12,11,10,10,9,8,7,7,6,5,4,2,0,0,0,0,0,0,0,0,0,0,0,0,0,0,0,0,1,35
2016/06/02 04:31:00,386312,172806,3,26,12,1,1,0,0,0,0,0,0,0,0,0,0,0,0,0,0,0,0,0,0,0,0,0,0,0,0,0,0,0,0,0,0,0,0,0,0,0,0,0,4,5,5,5,6,5,6,6,6,6,5,6,6,6,8,8,9,9,8,9,10,10,10,11,10,10,11,11,12,13,14,14,15,16,16,19,22,28,38,53,71,107,157,197,255,238,240,201,181,160,142,114,107,75,26,5,4,5,7,10,10,11,13,11,11,9,9,8,7,6,6,6,4,2,0,0,0,0,0,0,0,0,0,0,0,0,0,0,0,0,1,36
2016/06/04 04:31:00,397562,172805,3,26,12,1,1,0,0,0,0,0,0,0,0,0,0,0,0,0,0,0,0,0,0,0,0,0,0,0,0,0,0,0,0,0,0,0,0,0,0,0,0,0,4,5,5,5,5,5,6,6,5,6,6,5,6,6,8,8,9,9,9,8,10,9,10,11,10,11,11,11,12,12,14,14,15,16,17,17,23,27,37,52,70,101,150,187,255,242,245,203,184,163,143,114,106,70,25,6,4,5,7,9,10,11,13,12,11,9,9,8,7,7,6,5,3,1,0,0,0,0,0,0,0,0,0,0,0,0,0,0,0,0,1,34
2016/06/06 04:31:00,397357,172806,1,26,12,1,1,0,0,0,0,0,0,0,0,0,0,0,0,0,0,0,0,0,0,0,0,0,0,0,0,0,0,0,0,0,0,0,0,0,0,0,0,0,4,5,6,5,6,6,5,6,5,5,6,5,6,6,8,8,9,9,9,8,10,10,10,11,10,10,11,11,12,13,14,14,15,16,17,18,23,28,37,54,72,103,150,191,255,241,246,206,184,162,143,116,108,71,26,7,5,5,7,9,10,11,13,11,11,10,9,8,7,7,6,6,4,1,0,0,0,0,0,0,0,0,0,0,0,0,0,0,0,0,1,35
2016/06/08 04:31:00,390034,172806,1,26,12,1,1,0,0,0,0,0,0,0,0,0,0,0,0,0,0,0,0,0,0,0,0,0,0,0,0,0,0,0,0,0,0,0,0,0,0,0,0,0,4,5,5,5,6,6,6,6,5,5,6,6,6,6,8,7,9,9,8,8,10,10,10,11,10,10,10,11,12,13,14,14,14,16,17,18,22,27,36,50,66,95,141,187,255,240,245,203,182,163,143,113,105,68,22,5,4,5,7,9,10,11,13,11,11,9,9,8,7,7,6,5,3,1,0,0,0,0,0,0,0,0,0,0,0,0,0,0,0,0,1,34
2016/06/10 04:31:00,384136,172805,1,26,12,1,1,0,0,0,0,0,0,0,0,0,0,0,0,0,0,0,0,0,0,0,0,0,0,0,0,0,0,0,0,0,0,0,0,0,0,0,0,0,4,5,5,5,6,5,6,6,6,6,6,6,6,6,7,8,9,9,9,8,10,9,10,11,10,11,10,11,12,12,14,14,15,15,16,18,21,27,36,52,66,98,148,189,255,236,239,200,179,160,140,113,106,71,25,5,4,5,7,9,10,11,12,11,10,10,9,8,7,7,6,6,3,2,0,0,0,0,0,0,0,0,0,0,0,0,0,0,0,0,1,36
2016/06/12 04:31:00,384602,172806,1,26,12,1,1,0,0,0,0,0,0,0,0,0,0,0,0,0,0,0,0,0,0,0,0,0,0,0,0,0,0,0,0,0,0,0,0,0,0,0,0,0,4,5,5,5,6,6,6,6,5,5,6,6,6,6,8,8,9,9,9,8,10,10,10,11,10,10,12,12,12,13,14,14,15,16,17,18,23,29,38,57,74,107,158,195,255,237,242,205,184,162,142,113,108,76,27,6,4,6,7,9,11,11,12,12,10,9,9,8,7,6,6,5,4,2,0,0,0,0,0,0,0,0,0,0,0,0,0,0,0,0,1,35
2016/06/14 04:31:00,394692,172805,1,26,12,1,1,0,0,0,0,0,0,0,0,0,0,0,0,0,0,0,0,0,0,0,0,0,0,0,0,0,0,0,0,0,0,0,0,0,0,0,0,0,4,5,5,5,6,6,6,6,5,6,6,6,6,7,9,8,10,9,9,9,10,10,10,12,11,11,11,11,12,13,15,15,16,17,18,19,24,30,41,60,84,118,164,196,255,233,241,201,177,160,144,116,108,79,33,8,5,6,8,9,11,11,12,11,11,9,9,8,7,6,6,6,4,2,0,0,0,0,0,0,0,0,0,0,0,0,0,0,0,0,1,35
2016/06/16 04:31:00,390832,172806,0,26,12,0,1,0,0,0,0,0,0,0,0,0,0,0,0,0,0,0,0,0,0,0,0,0,0,0,0,0,0,0,0,0,0,0,0,0,0,0,0,0,4,5,5,5,6,6,5,6,5,5,6,5,5,6,8,8,9,9,9,8,11,10,10,11,10,10,11,11,12,12,13,14,15,16,17,18,22,27,35,51,66,98,146,188,255,238,243,202,183,161,143,114,103,68,24,5,4,5,7,9,10,11,12,12,10,9,9,8,7,7,6,5,3,1,0,0,0,0,0,0,0,0,0,0,0,0,0,0,0,0,1,34
2016/06/18 04:31:00,402251,172805,0,28,13,0,1,1,0,0,0,0,0,0,0,0,0,0,0,0,0,0,0,0,0,0,0,0,0,0,0,0,0,0,0,0,0,0,0,0,0,0,0,0,5,5,5,5,6,6,6,6,6,6,6,6,7,7,9,8,9,10,9,9,10,10,11,12,11,11,11,12,13,13,15,15,16,17,18,20,24,31,42,63,85,121,168,201,255,237,244,204,185,163,147,119,109,79,32,9,5,6,8,10,11,11,12,12,10,9,9,8,8,7,6,6,4,2,0,0,0,0,0,0,0,0,0,0,0,0,0,0,0,0,1,35
2016/06/20 04:31:00,390141,172805,0,28,13,0,1,1,0,0,0,0,0,0,0,0,0,0,0,0,0,0,0,0,0,0,0,0,0,0,0,0,0,0,0,0,0,0,0,0,0,0,0,0,4,5,6,5,6,6,6,6,6,5,6,6,6,6,8,8,9,9,9,8,10,10,10,11,11,11,12,11,12,13,14,14,16,17,17,19,23,30,38,58,81,114,158,196,255,236,239,202,181,160,144,115,110,77,29,7,5,6,8,9,10,11,12,11,10,9,8,8,7,7,6,5,4,2,0,0,0,0,0,0,0,0,0,0,0,0,0,0,0,0,1,34
2016/06/22 04:31:00,400937,172805,0,28,13,0,1,1,0,0,0,0,0,0,0,0,0,0,0,0,0,0,0,0,0,0,0,0,0,0,0,0,0,0,0,0,0,0,0,0,0,0,0,0,5,6,5,5,6,6,6,6,6,6,6,6,6,6,10,9,10,10,10,9,11,10,11,12,11,12,12,13,13,14,15,16,17,18,19,20,25,33,43,64,90,130,179,209,255,234,241,206,184,163,145,120,115,84,37,8,5,6,8,10,11,11,12,11,11,10,9,8,8,7,6,6,5,2,0,0,0,0,0,0,0,0,0,0,0,0,0,0,0,0,2,36
2016/06/24 04:31:00,392532,172805,0,28,13,0,1,1,0,0,0,0,0,0,0,0,0,0,0,0,0,0,0,0,0,0,0,0,0,0,0,0,0,0,0,0,0,0,0,0,0,0,0,0,4,6,6,5,6,6,6,6,6,5,6,6,7,7,9,9,10,9,10,9,10,10,10,12,11,11,12,12,13,13,16,15,17,17,18,21,25,32,41,63,89,128,179,206,255,231,239,203,182,161,144,117,112,83,36,8,5,6,8,9,10,11,12,11,10,9,9,8,8,6,7,6,4,2,0,0,0,0,0,0,0,0,0,0,0,0,0,0,0,0,1,35
2016/06/26 04:31:00,385441,172805,0,28,13,0,1,1,0,0,0,0,0,0,0,0,0,0,0,0,0,0,0,0,0,0,0,0,0,0,0,0,0,0,0,0,0,0,0,0,0,0,0,0,4,5,5,5,6,6,6,6,5,5,5,6,6,6,8,8,9,9,9,8,10,9,10,11,10,11,11,11,12,13,15,14,15,16,17,18,23,29,38,54,72,107,156,198,255,236,240,203,183,160,142,114,108,76,27,6,4,5,7,9,11,11,12,11,10,9,9,8,7,6,6,5,4,2,0,0,0,0,0,0,0,0,0,0,0,0,0,0,0,0,1,35
2016/06/28 04:31:00,384934,172805,0,28,13,0,1,1,0,0,0,0,0,0,0,0,0,0,0,0,0,0,0,0,0,0,0,0,0,0,0,0,0,0,0,0,0,0,0,0,0,0,0,0,4,6,5,5,6,6,6,6,5,6,6,6,6,7,9,8,10,10,9,9,10,11,10,12,10,11,11,11,13,13,15,14,16,17,18,19,23,30,39,59,78,116,163,198,255,238,241,203,183,163,146,119,111,81,32,8,5,6,8,10,10,11,13,11,11,9,8,8,7,6,6,6,4,2,0,0,0,0,0,0,0,0,0,0,0,0,0,0,0,0,1,36
2016/06/30 04:31:00,392630,172805,0,28,13,0,1,1,0,0,0,0,0,0,0,0,0,0,0,0,0,0,0,0,0,0,0,0,0,0,0,0,0,0,0,0,0,0,0,0,0,0,0,0,4,5,6,5,6,6,6,6,5,5,6,6,6,7,9,9,9,10,9,9,11,10,10,11,11,11,12,12,13,13,15,15,16,17,18,19,24,32,42,63,86,125,170,201,255,234,241,202,183,162,145,115,112,82,35,8,5,6,8,9,10,11,12,11,10,9,9,8,8,7,6,6,4,2,0,0,0,0,0,0,0,0,0,0,0,0,0,0,0,0,1,36
2016/07/02 04:31:00,388714,172805,0,28,13,0,1,1,0,0,0,0,0,0,0,0,0,0,0,0,0,0,0,0,0,0,0,0,0,0,0,0,0,0,0,0,0,0,0,0,0,0,0,0,4,5,5,5,6,5,6,6,5,6,6,6,6,6,8,8,9,9,8,8,9,10,10,11,10,10,11,11,12,12,15,14,16,16,17,18,22,27,37,52,70,105,154,196,255,236,237,200,182,159,140,114,108,74,26,6,4,6,7,9,11,11,12,11,10,9,9,8,8,7,6,6,4,1,0,0,0,0,0,0,0,0,0,0,0,0,0,0,0,0,1,35
2016/07/04 04:31:00,401489,172806,0,28,14,0,1,1,0,0,0,0,0,0,0,0,0,0,0,0,0,0,0,0,0,0,0,0,0,0,0,0,0,0,0,0,0,0,0,0,0,0,0,0,4,6,5,5,5,5,6,7,5,6,6,6,6,7,9,9,9,9,9,9,10,11,11,12,10,12,12,12,13,13,15,15,17,17,17,19,24,30,41,59,81,116,163,198,255,239,243,206,184,163,145,117,109,77,31,8,5,6,8,9,11,11,13,11,11,9,8,8,7,6,6,6,4,2,0,0,0,0,0,0,0,0,0,0,0,0,0,0,0,0,1,35
2016/07/06 04:31:00,410397,172805,0,28,14,0,1,1,0,0,0,0,0,0,0,0,0,0,0,0,0,0,0,0,0,0,0,0,0,0,0,0,0,0,0,0,0,0,0,0,0,0,0,0,4,5,6,6,6,6,6,7,6,6,6,6,7,7,9,9,10,9,10,10,12,11,11,12,11,12,12,13,13,14,16,16,17,18,19,21,26,33,47,68,94,136,191,214,255,239,240,207,187,163,147,122,114,89,41,10,6,7,9,10,11,11,12,11,11,10,9,8,7,7,7,6,4,2,0,0,0,0,0,0,0,0,0,0,0,0,0,0,0,0,1,37
2016/07/08 04:31:00,398235,172805,0,28,14,0,1,1,0,0,0,0,0,0,0,0,0,0,0,0,0,0,0,0,0,0,0,0,0,0,0,0,0,0,0,0,0,0,0,0,0,0,0,0,4,6,6,5,6,6,6,7,6,6,6,6,7,7,10,10,10,10,10,9,11,11,11,12,12,11,12,13,14,14,16,16,17,18,20,21,26,33,45,69,96,139,191,211,255,235,238,204,184,163,147,120,115,89,41,10,5,7,10,10,12,11,12,11,10,9,9,8,8,7,7,6,4,2,0,0,0,0,0,0,0,0,0,0,0,0,0,0,0,0,1,37
2016/07/10 04:31:00,372643,172805,0,28,14,0,1,1,0,0,0,0,0,0,0,0,0,0,0,0,0,0,0,0,0,0,0,0,0,0,0,0,0,0,0,0,0,0,0,0,0,0,0,0,4,6,6,6,6,6,7,7,6,7,6,7,7,7,10,10,11,10,10,9,11,11,12,13,12,12,13,13,14,14,17,17,18,19,21,22,28,35,49,74,105,153,198,211,255,236,241,207,185,164,150,121,119,96,49,11,6,8,10,11,11,11,12,11,11,10,9,8,8,7,7,6,5,3,1,0,0,0,0,0,0,0,0,0,0,0,0,0,0,0,2,39
2016/07/12 04:31:00,376328,172805,0,29,14,0,1,1,0,0,0,0,0,0,0,0,0,0,0,0,0,0,0,0,0,0,0,0,0,0,0,0,0,0,0,0,0,0,0,0,0,0,0,0,5,6,6,5,6,7,7,7,6,6,7,6,7,7,10,10,10,10,10,10,12,11,12,12,12,12,13,13,14,15,17,17,17,18,19,22,28,35,48,73,103,147,192,212,255,235,242,206,188,168,147,122,119,98,52,13,6,8,9,10,11,11,12,11,11,10,9,8,8,7,7,6,5,3,1,0,0,0,0,0,0,0,0,0,0,0,0,0,0,0,2,41
2016/07/14 04:31:00,371013,172805,0,29,14,0,1,1,0,0,0,0,0,0,0,0,0,0,0,0,0,0,0,0,0,0,0,0,0,0,0,0,0,0,0,0,0,0,0,0,0,0,0,0,4,5,5,5,6,6,6,7,6,5,6,6,6,7,8,9,9,9,8,8,10,10,10,11,10,10,11,11,12,13,14,15,16,16,17,18,23,27,37,52,70,105,157,198,255,233,237,204,183,164,143,116,111,84,34,7,4,5,8,9,11,11,12,12,11,10,9,8,7,7,6,6,4,2,0,0,0,0,0,0,0,0,0,0,0,0,0,0,0,0,1,37
2016/07/16 04:31:00,382749,172805,0,29,14,0,1,1,0,0,0,0,0,0,0,0,0,0,0,0,0,0,0,0,0,0,0,0,0,0,0,0,0,0,0,0,0,0,0,0,0,0,0,0,4,5,5,5,6,6,6,6,6,6,6,6,6,7,9,8,9,9,9,9,11,10,11,11,11,11,12,12,12,13,14,14,16,17,17,20,23,29,39,55,76,111,157,192,255,241,246,209,188,165,148,120,113,81,36,9,5,5,7,9,10,12,12,11,11,10,9,8,8,7,7,6,4,2,0,0,0,0,0,0,0,0,0,0,0,0,0,0,0,0,1,38
2016/07/18 04:31:00,381412,172805,0,29,15,0,1,1,0,0,0,0,0,0,0,0,0,0,0,0,0,0,0,0,0,0,0,0,0,0,0,0,0,0,0,0,0,0,0,0,0,0,0,0,4,6,6,5,6,6,6,7,6,6,5,6,7,7,9,9,10,10,9,9,12,10,11,12,11,12,12,13,13,14,15,16,17,18,19,21,26,33,44,69,95,137,186,210,255,234,241,208,186,164,147,122,119,93,48,13,6,7,9,11,11,11,12,12,10,9,9,9,8,7,7,7,5,3,1,0,0,0,0,0,0,0,0,0,0,0,0,0,0,0,1,38
2016/07/20 04:31:00,385588,172805,0,29,15,0,1,1,0,0,0,0,0,0,0,0,0,0,0,0,0,0,0,0,0,0,0,0,0,0,0,0,0,0,0,0,0,0,0,0,0,0,0,0,5,6,6,5,6,6,6,6,6,6,6,6,7,6,9,9,10,9,9,9,10,10,11,12,10,11,12,12,13,13,15,15,16,17,18,19,24,30,41,62,86,119,165,195,255,234,240,204,184,166,145,120,114,86,39,10,5,7,8,10,10,11,12,11,11,10,9,9,7,7,7,6,4,2,0,0,0,0,0,0,0,0,0,0,0,0,0,0,0,0,1,37
2016/07/22 04:31:00,389217,172805,0,29,15,0,1,1,0,0,0,0,0,0,0,0,0,0,0,0,0,0,0,0,0,0,0,0,0,0,0,0,0,0,0,0,0,0,0,0,0,0,0,0,4,6,6,5,6,6,6,7,6,6,6,6,6,7,10,9,10,9,9,9,11,11,11,12,10,12,12,12,13,14,15,15,16,18,19,20,24,31,43,63,90,125,173,206,255,230,240,204,182,163,146,119,115,91,42,11,5,6,8,10,11,11,12,11,10,10,9,9,8,7,6,6,4,3,0,0,0,0,0,0,0,0,0,0,0,0,0,0,0,0,1,37
2016/07/24 04:31:00,389321,172805,0,29,15,0,1,1,0,0,0,0,0,0,0,0,0,0,0,0,0,0,0,0,0,0,0,0,0,0,0,0,0,0,0,0,0,0,0,0,0,0,0,0,5,5,6,5,6,6,7,7,6,6,6,6,7,7,9,9,9,10,9,9,11,10,10,12,11,11,11,12,13,14,16,15,17,17,18,20,24,31,42,62,86,126,173,203,255,236,239,204,182,163,144,121,115,89,42,10,5,6,8,10,11,11,12,11,11,10,9,8,7,7,6,6,5,2,1,0,0,0,0,0,0,0,0,0,0,0,0,0,0,0,2,37
2016/07/26 04:31:00,377612,172805,0,29,15,0,1,1,0,0,0,0,0,0,0,0,0,0,0,0,0,0,0,0,0,0,0,0,0,0,0,0,0,0,0,0,0,0,0,0,0,0,0,0,4,6,6,5,6,6,6,6,6,6,6,6,6,7,9,8,10,10,9,9,10,10,11,12,10,11,12,12,12,14,15,15,16,18,18,20,24,30,42,61,84,121,173,205,255,236,240,210,183,162,148,117,116,90,42,10,5,6,8,10,11,11,12,11,10,9,9,8,7,7,7,6,5,2,0,0,0,0,0,0,0,0,0,0,0,0,0,0,0,0,1,38
2016/07/28 04:31:00,388465,172805,0,29,15,0,1,1,0,0,0,0,0,0,0,0,0,0,0,0,0,0,0,0,0,0,0,0,0,0,0,0,0,0,0,0,0,0,0,0,0,0,0,0,4,6,5,5,6,6,6,6,6,5,6,6,6,6,9,8,9,9,9,9,10,10,11,11,11,10,12,12,12,13,15,15,17,17,18,19,23,31,39,57,80,114,160,195,255,237,246,206,186,165,148,118,112,84,36,9,5,6,8,9,10,11,11,11,10,9,9,8,7,6,7,6,4,2,0,0,0,0,0,0,0,0,0,0,0,0,0,0,0,0,1,37
2016/07/30 04:31:00,406573,172805,0,29,15,0,1,1,0,0,0,0,0,0,0,0,0,0,0,0,0,0,0,0,0,0,0,0,0,0,0,0,0,0,0,0,0,0,0,0,0,0,0,0,4,6,5,5,6,5,6,6,5,6,5,6,6,6,8,8,9,10,9,9,11,10,11,12,10,11,11,12,12,13,14,14,17,17,18,19,24,30,41,59,82,116,159,190,255,239,248,209,187,165,146,121,114,83,37,10,5,6,8,9,10,10,12,12,11,10,10,8,7,7,6,6,4,2,0,0,0,0,0,0,0,0,0,0,0,0,0,0,0,0,1,35
2016/08/01 04:31:00,417669,172805,0,29,15,0,1,1,0,0,0,0,0,0,0,0,0,0,0,0,0,0,0,0,0,0,0,0,0,0,0,0,0,0,0,0,0,0,0,0,0,0,0,0,4,6,6,5,6,6,6,6,6,6,6,6,7,6,9,8,9,9,9,9,10,10,11,11,11,11,11,12,13,13,15,15,16,17,19,20,24,30,41,60,85,119,160,191,255,239,245,209,187,165,148,119,113,84,38,10,5,7,8,9,10,11,12,11,10,10,9,8,8,6,7,6,4,2,0,0,0,0,0,0,0,0,0,0,0,0,0,0,0,0,1,34
2016/08/03 04:31:00,422498,172805,0,29,15,0,1,1,0,0,0,0,0,0,0,0,0,0,0,0,0,0,0,0,0,0,0,0,0,0,0,0,0,0,0,0,0,0,0,0,0,0,0,0,4,6,6,5,6,6,6,7,5,6,6,6,7,7,9,9,10,10,10,9,11,11,11,12,11,12,12,13,13,14,16,16,17,18,18,21,25,33,44,64,90,128,174,204,255,239,246,210,188,166,149,121,120,91,43,12,6,6,8,10,11,11,12,11,11,9,9,9,8,7,6,6,4,2,0,0,0,0,0,0,0,0,0,0,0,0,0,0,0,0,2,34
2016/08/05 04:31:00,399338,172805,0,29,15,0,1,1,0,0,0,0,0,0,0,0,0,0,0,0,0,0,0,0,0,0,0,0,0,0,0,0,0,0,0,0,0,0,0,0,0,0,0,0,4,6,6,5,6,5,6,7,6,5,6,6,6,7,9,9,10,10,9,9,11,11,11,12,11,12,12,12,13,14,15,15,17,18,19,20,25,31,41,62,86,125,177,209,255,234,242,207,185,164,146,120,116,90,43,10,5,7,8,10,10,11,12,11,10,9,9,9,7,7,6,6,5,2,1,0,0,0,0,0,0,0,0,0,0,0,0,0,0,0,1,37
2016/08/07 04:31:00,404113,172805,0,29,15,0,1,1,0,0,0,0,0,0,0,0,0,0,0,0,0,0,0,0,0,0,0,0,0,0,0,0,0,0,0,0,0,0,0,0,0,0,0,0,4,5,6,5,6,6,6,7,6,5,6,6,6,7,10,9,9,10,9,9,10,10,11,12,11,11,12,12,13,13,15,15,17,17,18,20,24,32,42,63,86,123,167,200,255,239,245,209,186,165,148,120,115,88,41,10,5,7,8,10,10,11,12,11,11,10,9,8,8,7,7,6,4,3,0,0,0,0,0,0,0,0,0,0,0,0,0,0,0,0,1,34
2016/08/09 04:31:00,422068,172805,0,29,15,0,1,1,0,0,0,0,0,0,0,0,0,0,0,0,0,0,0,0,0,0,0,0,0,0,0,0,0,0,0,0,0,0,0,0,0,0,0,0,4,5,6,5,6,6,6,7,6,6,6,6,6,7,9,9,9,10,9,9,11,10,10,12,11,11,12,11,13,13,15,15,16,17,18,19,24,31,41,64,88,121,164,197,255,240,245,210,187,166,147,121,115,85,40,10,6,7,8,9,10,11,12,12,11,9,9,9,7,7,6,6,4,2,1,0,0,0,0,0,0,0,0,0,0,0,0,0,0,0,1,35
2016/08/11 04:31:00,432411,172805,0,29,15,0,1,1,0,0,0,0,0,0,0,0,0,0,0,0,0,0,0,0,0,0,0,0,0,0,0,0,0,0,0,0,0,0,0,0,0,0,0,0,5,6,6,5,6,6,6,6,5,6,6,6,6,7,9,9,10,10,10,9,11,11,11,12,11,11,12,13,13,13,15,16,17,18,19,20,25,31,44,65,92,128,172,200,255,236,242,206,187,166,147,121,115,88,42,12,6,7,8,10,10,11,12,11,11,10,9,8,7,6,6,6,5,3,1,0,0,0,0,0,0,0,0,0,0,0,0,0,0,0,1,33
2016/08/13 04:31:00,435588,172805,0,29,15,0,1,1,0,0,0,0,0,0,0,0,0,0,0,0,0,0,0,0,0,0,0,0,0,0,0,0,0,0,0,0,0,0,0,0,0,0,0,0,5,6,6,6,6,6,6,7,6,7,6,6,7,7,10,10,10,10,10,9,11,11,12,13,11,11,13,12,13,15,15,17,17,19,20,22,27,34,47,72,100,142,185,210,255,235,244,207,184,167,148,123,119,95,48,13,6,7,9,10,10,11,12,11,10,10,9,9,8,7,7,6,4,3,1,0,0,0,0,0,0,0,0,0,0,0,0,0,0,0,2,35
2016/08/15 04:31:00,429585,172805,0,30,15,0,1,1,0,0,0,0,0,0,0,0,0,0,0,0,0,0,0,0,0,0,0,0,0,0,0,0,0,0,0,0,0,0,0,0,0,0,0,0,5,6,6,6,7,7,6,7,6,6,7,6,7,8,10,9,10,10,9,10,11,12,12,12,12,12,14,13,14,14,17,17,18,20,21,23,29,37,52,79,112,148,189,211,255,235,243,206,186,165,150,125,121,96,52,14,7,8,9,11,11,11,13,11,11,9,9,8,8,7,7,6,5,3,1,0,0,0,0,0,0,0,0,0,0,0,0,0,0,0,2,35
2016/08/17 04:31:00,445826,172805,0,31,15,0,1,1,0,0,0,0,0,0,0,0,0,0,0,0,0,0,0,0,0,0,0,0,0,0,0,0,0,0,0,0,0,0,0,0,0,0,0,0,5,6,6,5,6,6,7,7,6,6,6,6,7,7,10,10,10,10,9,9,12,11,11,12,11,12,12,13,13,14,16,16,17,19,19,21,27,33,49,75,101,133,178,203,255,236,240,208,185,167,148,121,116,91,48,14,7,7,8,10,11,11,12,11,11,10,9,9,7,7,7,6,4,3,1,0,0,0,0,0,0,0,0,0,0,0,0,0,0,0,1,33
2016/08/19 04:31:00,453477,172805,0,32,15,0,1,1,0,0,0,0,0,0,0,0,0,0,0,0,0,0,0,0,0,0,0,0,0,0,0,0,0,0,0,0,0,0,0,0,0,0,0,0,5,6,6,6,6,6,7,7,6,6,6,6,7,7,10,10,10,10,10,9,11,11,11,13,12,12,13,13,13,15,16,17,18,19,21,22,29,37,52,83,110,147,185,208,255,234,241,206,187,166,150,121,120,95,48,14,7,8,10,10,11,10,13,11,10,9,9,8,7,7,7,6,5,3,1,0,0,0,0,0,0,0,0,0,0,0,0,0,0,0,1,33
2016/08/21 04:31:00,449975,172805,0,32,16,0,1,1,0,0,0,0,0,0,0,0,0,0,0,0,0,0,0,0,0,0,0,0,0,0,0,0,0,0,0,0,0,0,0,0,0,0,0,0,5,6,6,5,6,6,7,7,6,6,6,6,7,7,10,9,10,10,10,9,11,11,11,12,12,12,13,13,14,15,16,17,18,19,20,22,28,36,50,80,110,146,187,209,255,235,239,204,185,167,146,119,115,91,43,12,7,8,9,11,11,11,12,12,11,10,9,8,7,7,7,6,4,3,1,0,0,0,0,0,0,0,0,0,0,0,0,0,0,0,1,33
2016/08/23 04:31:00,450452,172804,0,32,16,0,2,1,0,0,0,0,0,0,0,0,0,0,0,0,0,0,0,0,0,0,0,0,0,0,0,0,0,0,0,0,0,0,0,0,0,0,0,0,4,6,6,5,7,6,6,7,6,6,6,7,7,7,10,10,10,10,10,9,11,11,12,12,11,12,12,13,14,15,17,17,19,19,21,22,29,37,54,83,111,144,188,210,255,235,241,206,184,166,150,122,118,90,44,13,7,8,9,10,11,11,12,11,10,9,9,8,8,7,6,6,4,2,1,0,0,0,0,0,0,0,0,0,0,0,0,0,0,0,1,33
2016/08/25 04:31:00,413190,172804,0,32,16,0,1,1,0,0,0,0,0,0,0,0,0,0,0,0,0,0,0,0,0,0,0,0,0,0,0,0,0,0,0,0,0,0,0,0,0,0,0,0,5,6,6,6,6,6,7,7,6,6,6,7,6,7,10,10,10,10,10,10,11,12,12,13,12,12,13,14,14,15,17,17,18,19,21,22,28,36,51,80,113,150,194,211,255,235,239,206,185,164,150,122,118,92,46,12,7,8,9,11,11,11,12,11,11,10,9,8,8,7,7,6,5,3,1,0,0,0,0,0,0,0,0,0,0,0,0,0,0,0,1,37
2016/08/27 04:31:00,387912,172804,0,32,16,0,1,1,0,0,0,0,0,0,0,0,0,0,0,0,0,0,0,0,0,0,0,0,0,0,0,0,0,0,0,0,0,0,0,0,0,0,0,0,4,6,5,6,6,7,7,6,6,6,7,7,7,7,10,9,10,10,10,9,11,11,12,12,11,12,12,12,14,14,16,16,17,18,20,22,26,33,46,72,100,142,192,211,255,231,237,207,183,162,145,120,116,89,42,10,6,7,9,10,11,12,11,12,11,10,9,9,8,6,6,6,5,2,1,0,0,0,0,0,0,0,0,0,0,0,0,0,0,0,2,38
2016/08/29 04:31:00,398006,172805,0,32,16,0,1,1,0,0,0,0,0,0,0,0,0,0,0,0,0,0,0,0,0,0,0,0,0,0,0,0,0,0,0,0,0,0,0,0,0,0,0,0,4,6,6,6,6,6,6,6,6,6,6,6,6,7,9,10,10,10,10,10,11,11,11,12,11,12,12,13,13,14,16,16,17,18,19,21,25,33,45,67,94,138,189,211,255,234,241,204,182,164,145,120,116,88,40,10,6,7,9,10,11,11,12,12,11,9,9,8,7,7,7,6,5,2,0,0,0,0,0,0,0,0,0,0,0,0,0,0,0,0,2,36
2016/08/31 04:31:00,404199,172805,0,32,16,0,1,1,0,0,0,0,0,0,0,0,0,0,0,0,0,0,0,0,0,0,0,0,0,0,0,0,0,0,0,0,0,0,0,0,0,0,0,0,4,5,5,5,5,6,6,6,5,5,6,6,6,7,8,8,9,9,9,9,11,10,10,12,11,10,11,11,12,13,15,15,16,15,17,18,22,29,38,56,75,111,165,202,255,233,238,203,179,161,142,115,110,80,30,7,4,6,7,9,11,11,12,11,10,9,9,8,7,7,6,6,4,2,0,0,0,0,0,0,0,0,0,0,0,0,0,0,0,0,1,35
2016/09/02 04:31:00,411130,172805,0,32,16,0,1,1,0,0,0,0,0,0,0,0,0,0,0,0,0,0,0,0,0,0,0,0,0,0,0,0,0,0,0,0,0,0,0,0,0,0,0,0,4,5,5,5,6,6,6,6,5,5,5,6,6,6,8,8,9,9,9,8,10,10,10,11,10,10,11,11,12,12,14,15,16,15,17,19,22,28,37,55,72,106,158,196,255,232,237,200,179,160,143,116,107,77,29,6,4,6,7,9,11,11,12,11,10,10,9,8,7,7,6,5,4,2,0,0,0,0,0,0,0,0,0,0,0,0,0,0,0,0,1,33
2016/09/04 04:31:00,402696,172805,0,32,16,0,1,1,0,0,0,0,0,0,0,0,0,0,0,0,0,0,0,0,0,0,0,0,0,0,0,0,0,0,0,0,0,0,0,0,0,0,0,0,4,5,5,5,6,6,6,6,6,5,6,6,6,6,8,8,9,9,9,8,10,10,10,11,10,10,11,11,11,12,14,14,15,16,16,18,22,28,37,52,69,101,153,196,255,234,239,202,181,161,144,114,108,74,26,6,4,5,7,9,10,11,12,12,10,10,9,8,7,7,6,6,4,1,0,0,0,0,0,0,0,0,0,0,0,0,0,0,0,0,1,35
2016/09/06 04:31:00,389801,172805,0,32,16,0,1,1,0,0,0,0,0,0,0,0,0,0,0,0,0,0,0,0,0,0,0,0,0,0,0,0,0,0,0,0,0,0,0,0,0,0,0,0,4,5,6,5,6,6,6,6,5,5,5,6,6,5,7,8,9,8,8,8,9,9,10,10,10,10,11,11,11,13,14,13,15,16,16,17,21,25,35,50,65,95,145,190,255,233,236,200,179,162,143,112,104,71,24,5,4,5,6,8,11,11,12,11,11,9,9,8,8,6,6,6,3,1,0,0,0,0,0,0,0,0,0,0,0,0,0,0,0,0,1,35
2016/09/08 04:31:00,394453,172805,0,32,16,0,1,1,0,0,0,0,0,0,0,0,0,0,0,0,0,0,0,0,0,0,0,0,0,0,0,0,0,0,0,0,0,0,0,0,0,0,0,0,4,5,5,5,5,5,6,6,5,5,5,5,6,6,8,8,9,8,9,8,9,10,10,10,10,10,10,11,12,12,14,13,15,15,16,18,21,26,35,50,64,94,138,184,255,240,243,204,181,161,142,112,103,68,22,6,4,5,7,8,10,11,13,11,10,10,9,8,7,6,6,5,3,1,0,0,0,0,0,0,0,0,0,0,0,0,0,0,0,0,1,35
2016/09/10 04:31:00,391952,172806,0,32,16,0,1,1,0,0,0,0,0,0,0,0,0,0,0,0,0,0,0,0,0,0,0,0,0,0,0,0,0,0,0,0,0,0,0,0,0,0,0,0,4,5,5,5,6,5,6,6,5,5,5,6,6,6,8,8,9,8,8,8,10,10,10,11,10,10,11,11,12,12,14,14,15,14,16,18,21,27,36,51,66,98,146,188,255,237,242,202,182,161,143,114,105,72,25,6,4,5,7,9,10,11,12,11,10,9,8,8,7,7,6,6,4,2,0,0,0,0,0,0,0,0,0,0,0,0,0,0,0,0,1,34
2016/09/12 04:31:00,402898,172805,0,32,15,1,1,1,0,0,0,0,0,0,0,0,0,0,0,0,0,0,0,0,0,0,0,0,0,0,0,0,0,0,0,0,0,0,0,0,0,0,0,0,4,5,5,5,6,5,5,6,5,5,5,6,6,6,7,7,8,8,9,8,9,9,9,10,9,10,11,11,12,12,14,14,15,15,15,17,20,25,34,48,63,92,136,182,255,242,241,204,184,163,142,112,103,65,20,5,4,5,7,8,9,11,12,12,11,10,9,8,7,6,6,5,3,1,0,0,0,0,0,0,0,0,0,0,0,0,0,0,0,0,1,34
2016/09/14 04:31:00,402148,172805,0,32,15,1,1,1,0,0,0,0,0,0,0,0,0,0,0,0,0,0,0,0,0,0,0,0,0,0,0,0,0,0,0,0,0,0,0,0,0,0,0,0,4,5,5,5,6,5,6,6,5,5,6,6,6,6,8,8,9,9,9,8,10,10,10,11,10,10,11,11,12,12,14,14,15,16,17,17,23,28,35,52,67,99,146,190,255,241,242,202,180,161,144,114,106,70,24,6,4,5,7,8,11,11,12,12,10,9,9,8,8,7,6,6,4,1,0,0,0,0,0,0,0,0,0,0,0,0,0,0,0,0,1,34
2016/09/16 04:31:00,400359,172806,0,32,15,1,1,1,0,0,0,0,0,0,0,0,0,0,0,0,0,0,0,0,0,0,0,0,0,0,0,0,0,0,0,0,0,0,0,0,0,0,0,0,4,5,5,5,5,6,6,6,6,5,5,5,6,6,7,8,9,8,9,8,10,10,10,11,10,11,10,11,12,13,14,14,14,16,16,17,22,27,35,51,68,98,146,188,255,240,245,204,181,160,141,114,105,69,24,6,4,5,7,8,10,11,12,11,11,9,8,8,8,7,6,6,3,1,0,0,0,0,0,0,0,0,0,0,0,0,0,0,0,0,1,34
2016/09/18 04:31:00,391608,172805,0,32,15,1,1,1,0,0,0,0,0,0,0,0,0,0,0,0,0,0,0,0,0,0,0,0,0,0,0,0,0,0,0,0,0,0,0,0,0,0,0,0,4,5,5,5,6,6,6,6,6,6,5,6,6,6,8,8,9,9,9,9,10,10,10,12,10,10,11,11,13,13,14,14,15,16,18,18,22,28,38,52,71,106,157,198,255,234,241,202,180,162,145,115,109,78,28,6,4,5,8,9,10,11,13,11,10,9,9,8,7,6,6,6,4,2,0,0,0,0,0,0,0,0,0,0,0,0,0,0,0,0,1,36
2016/09/20 04:31:00,381221,172806,0,32,15,1,1,1,0,0,0,0,0,0,0,0,0,0,0,0,0,0,0,0,0,0,0,0,0,0,0,0,0,0,0,0,0,0,0,0,0,0,0,0,4,5,5,4,5,6,6,6,5,5,5,5,6,5,7,7,8,8,8,7,9,10,10,10,10,10,11,10,11,12,14,13,14,15,16,16,20,25,33,46,60,86,130,181,255,240,242,204,177,160,139,112,103,66,20,4,4,4,6,8,10,11,13,11,10,9,9,8,7,7,6,6,3,1,0,0,0,0,0,0,0,0,0,0,0,0,0,0,0,0,1,34
2016/09/22 04:31:00,386452,172805,0,32,15,1,1,1,0,0,0,0,0,0,0,0,0,0,0,0,0,0,0,0,0,0,0,0,0,0,0,0,0,0,0,0,0,0,0,0,0,0,0,0,4,6,5,5,6,5,6,6,5,5,6,6,6,5,8,7,8,8,8,8,10,9,10,10,10,10,10,10,11,12,13,13,15,15,16,17,21,26,34,48,62,88,133,177,255,245,251,208,186,163,146,113,103,60,19,5,4,5,7,8,10,11,13,11,10,10,9,9,7,6,6,6,3,1,0,0,0,0,0,0,0,0,0,0,0,0,0,0,0,0,1,35
2016/09/24 04:31:00,390759,172805,0,32,15,1,1,1,0,0,0,0,0,0,0,0,0,0,0,0,0,0,0,0,0,0,0,0,0,0,0,0,0,0,0,0,0,0,0,0,0,0,0,0,4,5,5,5,5,5,5,6,5,5,5,5,6,5,7,7,8,9,8,7,9,9,9,10,9,10,10,10,11,12,13,13,14,15,16,16,20,25,32,45,58,81,125,175,255,245,250,204,182,162,144,113,102,59,17,4,3,4,6,8,10,11,12,12,11,9,9,8,7,7,6,5,3,1,0,0,0,0,0,0,0,0,0,0,0,0,0,0,0,0,1,34
2016/09/26 04:31:00,395029,172806,0,32,15,1,1,1,0,0,0,0,0,0,0,0,0,0,0,0,0,0,0,0,0,0,0,0,0,0,0,0,0,0,0,0,0,0,0,0,0,0,0,0,4,5,5,5,5,5,6,6,5,5,6,5,5,6,8,8,8,9,8,8,10,10,10,11,10,10,10,11,11,12,14,13,14,15,16,17,21,27,34,50,66,95,140,184,255,238,242,203,181,162,145,112,105,69,22,6,4,5,7,8,10,11,12,12,10,9,9,8,7,6,6,6,3,1,0,0,0,0,0,0,0,0,0,0,0,0,0,0,0,0,1,34
2016/09/28 04:31:00,380533,172806,0,32,15,1,1,1,0,0,0,0,0,0,0,0,0,0,0,0,0,0,0,0,0,0,0,0,0,0,0,0,0,0,0,0,0,0,0,0,0,0,0,0,4,5,5,5,5,5,5,6,5,6,5,5,6,5,7,8,9,8,9,8,10,10,10,11,10,10,10,11,12,11,13,14,15,15,16,18,21,26,33,46,60,86,132,183,255,241,247,205,183,161,145,113,105,66,19,4,3,4,6,8,10,11,13,11,11,9,9,9,7,7,6,5,3,1,0,0,0,0,0,0,0,0,0,0,0,0,0,0,0,0,1,34
2016/09/30 04:31:00,385859,172805,0,32,15,1,1,1,0,0,0,0,0,0,0,0,0,0,0,0,0,0,0,0,0,0,0,0,0,0,0,0,0,0,0,0,0,0,0,0,0,0,0,0,4,5,5,5,5,5,5,6,5,5,6,6,5,6,8,7,9,9,8,8,10,9,10,11,10,10,10,10,11,12,13,14,14,15,16,17,21,26,33,48,64,90,138,181,255,242,244,203,183,161,143,113,102,65,20,5,4,5,6,8,10,11,13,11,10,9,9,8,7,7,6,5,3,1,0,0,0,0,0,0,0,0,0,0,0,0,0,0,0,0,1,35
2016/10/02 04:31:00,382691,172805,0,32,15,1,1,1,0,0,0,0,0,0,0,0,0,0,0,0,0,0,0,0,0,0,0,0,0,0,0,0,0,0,0,0,0,0,0,0,0,0,0,0,4,5,5,5,6,5,5,6,5,6,6,6,5,6,8,8,9,9,8,8,10,10,9,10,10,10,10,11,12,12,14,13,14,16,16,17,21,27,34,49,62,92,137,183,255,244,248,205,185,161,146,113,102,63,20,5,4,5,6,8,11,11,13,12,11,10,9,9,8,6,6,5,3,1,0,0,0,0,0,0,0,0,0,0,0,0,0,0,0,0,1,36
2016/10/04 04:31:00,398533,172806,0,32,15,1,1,1,0,0,0,0,0,0,0,0,0,0,0,0,0,0,0,0,0,0,0,0,0,0,0,0,0,0,0,0,0,0,0,0,0,0,0,0,4,5,5,5,5,5,6,6,5,6,5,5,6,6,8,8,9,9,9,8,10,9,10,10,10,10,11,11,12,12,14,14,15,15,17,18,22,27,37,53,72,100,140,180,255,247,246,206,182,163,143,113,102,66,23,7,4,5,7,8,10,11,12,11,11,10,9,8,7,7,6,6,3,1,0,0,0,0,0,0,0,0,0,0,0,0,0,0,0,0,1,34
2016/10/06 04:31:00,394965,172805,0,32,15,1,1,1,0,0,0,0,0,0,0,0,0,0,0,0,0,0,0,0,0,0,0,0,0,0,0,0,0,0,0,0,0,0,0,0,0,0,0,0,4,5,5,4,5,5,5,6,5,5,5,6,6,6,7,8,8,8,9,8,9,9,10,11,10,10,10,11,11,12,13,14,15,15,16,18,21,26,34,47,61,91,136,183,255,240,241,201,180,159,142,112,104,68,21,5,4,5,7,8,10,12,12,12,10,9,9,8,7,6,6,6,3,1,0,0,0,0,0,0,0,0,0,0,0,0,0,0,0,0,1,34
2016/10/08 04:31:00,390154,172805,0,32,15,1,1,1,0,0,0,0,0,0,0,0,0,0,0,0,0,0,0,0,0,0,0,0,0,0,0,0,0,0,0,0,0,0,0,0,0,0,0,0,4,5,5,4,6,6,5,6,5,5,6,6,6,6,8,8,9,9,8,8,10,9,10,10,10,10,11,10,12,12,13,14,14,15,17,17,22,26,35,49,63,91,139,185,255,241,245,205,184,160,143,113,105,67,22,5,4,5,7,9,10,11,12,11,10,9,9,8,7,6,6,5,3,1,0,0,0,0,0,0,0,0,0,0,0,0,0,0,0,0,1,34
2016/10/10 04:31:00,391897,172806,0,32,14,1,1,1,0,0,0,0,0,0,0,0,0,0,0,0,0,0,0,0,0,0,0,0,0,0,0,0,0,0,0,0,0,0,0,0,0,0,0,0,4,5,5,4,6,5,5,6,5,6,5,5,6,6,7,7,8,8,8,8,9,9,9,10,10,10,10,11,11,11,13,13,15,15,15,17,21,25,34,48,60,89,134,184,255,239,243,203,180,159,142,112,104,66,20,4,4,4,7,8,10,11,12,12,10,10,9,8,7,7,6,5,3,1,0,0,0,0,0,0,0,0,0,0,0,0,0,0,0,0,1,35
