2016/01/03 05:30:00,225986,172764,0,9,252,0,0,0,0,0,0,0,0,0,0,0,0,0,0,0,0,0,0,0,0,0,0,0,0,0,0,0,0,0,0,0,0,0,0,0,0,0,0,0,3,5,5,5,5,5,5,5,5,5,5,4,5,5,6,6,6,7,7,6,9,8,8,9,9,9,9,9,9,10,10,12,12,13,13,14,15,16,20,27,35,44,68,91,127,180,221,255,212,191,162,128,112,90,52,19,5,2,3,4,5,7,9,12,11,12,10,9,9,7,6,6,5,3,1,0,0,0,0,0,0,0,0,0,0,0,0,0,0,0,0,28
2016/01/05 05:30:00,231801,172812,0,10,253,0,0,0,0,0,0,0,0,0,0,0,0,0,0,0,0,0,0,0,0,0,0,0,0,0,0,0,0,0,0,0,0,0,0,0,0,0,0,0,3,5,5,5,4,5,5,5,5,5,5,5,5,5,6,6,6,7,7,7,8,8,8,9,9,9,9,9,10,9,10,12,11,13,13,15,14,17,19,26,35,42,68,93,129,182,226,255,213,189,166,132,115,96,59,22,5,2,3,4,5,7,9,12,11,11,10,9,8,7,7,6,5,3,1,0,0,0,0,0,0,0,0,0,0,0,0,0,0,0,0,26
2016/01/07 05:30:00,229331,172811,0,10,254,0,0,0,0,0,0,0,0,0,0,0,0,0,0,0,0,0,0,0,0,0,0,0,0,0,0,0,0,0,0,0,0,0,0,0,0,0,0,0,3,4,5,5,5,5,5,5,6,5,5,5,5,5,6,6,6,8,8,7,8,8,8,9,10,9,9,9,9,10,10,12,12,13,13,14,14,17,21,26,36,44,69,96,131,184,225,255,211,192,167,135,116,98,59,23,5,2,3,4,5,7,9,11,11,10,10,10,8,8,7,6,5,3,1,0,0,0,0,0,0,0,0,0,0,0,0,0,0,0,0,27
2016/01/09 05:30:00,231614,172812,0,10,254,0,0,0,0,0,0,0,0,0,0,0,0,0,0,0,0,0,0,0,0,0,0,0,0,0,0,0,0,0,0,0,0,0,0,0,0,0,0,0,3,5,5,5,4,5,5,5,6,5,5,5,5,5,6,6,6,7,7,7,8,9,9,8,9,9,9,9,9,10,10,12,11,12,13,13,15,17,21,25,35,43,68,90,126,183,228,255,212,190,165,131,115,91,52,17,4,3,3,4,5,7,9,11,12,11,11,9,8,7,7,6,5,3,1,0,0,0,0,0,0,0,0,0,0,0,0,0,0,0,0,27
2016/01/11 05:30:00,235859,172812,253,10,254,0,0,0,0,0,0,0,0,0,0,0,0,0,0,0,0,0,0,0,0,0,0,0,0,0,0,0,0,0,0,0,0,0,0,0,0,0,0,0,3,4,5,5,5,5,5,6,5,5,4,5,5,5,6,6,6,7,8,7,8,8,8,9,9,8,9,9,10,10,10,11,12,12,13,14,15,16,21,25,35,43,68,91,127,181,228,255,211,187,163,131,116,92,57,20,4,3,3,4,5,7,9,12,12,10,10,10,9,7,6,6,5,3,1,0,0,0,0,0,0,0,0,0,0,0,0,0,0,0,0,26
2016/01/13 05:30:00,238481,172812,0,10,253,0,0,0,0,0,0,0,0,0,0,0,0,0,0,0,0,0,0,0,0,0,0,0,0,0,0,0,0,0,0,0,0,0,0,0,0,0,0,0,3,5,5,5,4,5,5,5,5,5,5,4,5,5,5,6,6,7,8,7,8,8,8,9,9,9,8,9,9,10,10,12,11,12,12,13,15,17,21,25,36,43,65,93,127,180,230,255,213,189,166,132,114,93,54,17,4,3,3,4,5,6,8,12,11,11,10,9,9,7,6,6,5,3,1,0,0,0,0,0,0,0,0,0,0,0,0,0,0,0,0,25
2016/01/15 05:30:00,240033,172812,0,10,253,0,0,0,0,0,0,0,0,0,0,0,0,0,0,0,0,0,0,0,0,0,0,0,0,0,0,0,0,0,0,0,0,0,0,0,0,0,0,0,3,5,5,6,4,5,5,5,6,5,5,5,5,5,6,6,6,7,8,7,8,9,8,9,9,9,9,9,9,9,11,12,11,13,12,14,15,17,21,28,35,44,68,97,134,189,232,255,211,189,166,133,114,89,51,18,4,2,3,4,5,7,9,11,12,11,10,9,9,7,7,5,5,3,1,0,0,0,0,0,0,0,0,0,0,0,0,0,0,0,0,26
2016/01/18 08:15:00,239870,172765,0,9,252,0,0,0,0,0,0,0,0,0,0,0,0,0,0,0,0,0,0,0,0,0,0,0,0,0,0,0,0,0,0,0,0,0,0,0,0,0,0,0,3,4,5,5,4,5,5,5,5,5,5,5,5,5,5,6,6,7,7,7,8,9,7,9,10,9,9,9,9,10,10,12,12,12,12,14,14,16,20,27,35,43,67,92,128,182,227,255,211,190,166,132,114,91,53,18,4,2,3,4,5,6,8,11,12,11,10,9,9,7,7,6,5,3,1,0,0,0,0,0,0,0,0,0,0,0,0,0,0,0,0,24
2016/01/20 08:15:00,241176,172812,0,11,254,0,0,0,0,0,0,0,0,0,0,0,0,0,0,0,0,0,0,0,0,0,0,0,0,0,0,0,0,0,0,0,0,0,0,0,0,0,0,0,3,5,5,5,4,5,5,5,5,5,5,5,5,5,6,6,7,7,8,7,8,8,9,9,10,9,9,9,10,10,11,12,12,13,13,14,14,18,20,27,37,44,72,101,136,190,231,255,209,189,165,136,116,97,57,21,5,3,3,4,5,7,9,12,12,10,10,10,9,7,7,5,5,3,1,0,0,0,0,0,0,0,0,0,0,0,0,0,0,0,0,26
2016/01/22 08:15:00,238455,172812,0,11,254,0,0,0,0,0,0,0,0,0,0,0,0,0,0,0,0,0,0,0,0,0,0,0,0,0,0,0,0,0,0,0,0,0,0,0,0,0,0,0,3,5,5,5,5,5,5,5,6,5,5,5,4,5,6,6,5,7,8,7,8,9,8,8,9,9,9,10,10,10,10,12,12,13,13,14,15,17,21,26,35,45,67,93,129,184,228,255,212,190,166,131,117,97,54,17,4,2,3,4,5,6,8,12,11,10,11,9,8,7,7,6,4,2,1,0,0,0,0,0,0,0,0,0,0,0,0,0,0,0,0,25
2016/01/24 08:15:00,229987,172812,0,11,253,0,0,0,0,0,0,0,0,0,0,0,0,0,0,0,0,0,0,0,0,0,0,0,0,0,0,0,0,0,0,0,0,0,0,0,0,0,0,0,3,4,5,5,4,5,5,5,5,5,5,5,5,5,5,6,6,7,7,7,7,9,8,8,8,8,9,9,10,10,10,12,12,12,12,15,15,17,21,26,37,44,68,92,129,182,230,255,210,190,161,126,107,77,38,10,3,2,3,4,5,7,9,11,12,11,10,10,9,8,6,6,4,2,0,0,0,0,0,0,0,0,0,0,0,0,0,0,0,0,0,26
2016/01/26 08:15:00,235928,172812,0,11,252,0,0,0,0,0,0,0,0,0,0,0,0,0,0,0,0,0,0,0,0,0,0,0,0,0,0,0,0,0,0,0,0,0,0,0,0,0,0,0,3,4,5,5,5,5,5,5,5,5,5,5,5,5,5,6,6,7,7,6,8,7,8,9,9,9,9,9,10,10,10,12,11,12,13,14,14,18,21,27,36,46,70,98,135,191,234,255,213,190,161,124,104,73,37,10,3,2,3,4,5,7,8,12,12,11,10,10,9,7,6,5,4,2,0,0,0,0,0,0,0,0,0,0,0,0,0,0,0,0,0,26
2016/01/28 08:15:00,242956,172812,0,11,252,0,0,0,0,0,0,0,0,0,0,0,0,0,0,0,0,0,0,0,0,0,0,0,0,0,0,0,0,0,0,0,0,0,0,0,0,0,0,0,3,5,5,5,5,5,5,5,5,4,4,5,5,5,5,6,6,7,7,7,8,8,9,9,10,9,8,9,10,11,10,12,12,13,13,14,14,17,20,27,36,45,70,99,135,192,233,255,213,191,167,130,117,90,50,16,4,3,3,4,5,7,9,12,12,11,10,9,9,7,7,6,4,3,1,0,0,0,0,0,0,0,0,0,0,0,0,0,0,0,0,27
2016/01/30 08:15:00,237071,172812,0,11,252,0,0,0,0,0,0,0,0,0,0,0,0,0,0,0,0,0,0,0,0,0,0,0,0,0,0,0,0,0,0,0,0,0,0,0,0,0,0,0,3,5,5,5,4,5,5,5,6,5,5,5,5,5,5,6,6,7,7,7,7,8,8,9,9,8,9,10,10,10,10,12,12,13,13,14,15,17,21,26,37,44,70,97,133,192,231,255,210,189,163,126,108,86,46,15,4,3,3,4,6,7,9,12,12,11,10,9,9,7,6,5,4,2,1,0,0,0,0,0,0,0,0,0,0,0,0,0,0,0,0,26
2016/02/01 08:15:00,234376,172812,0,11,252,0,0,0,0,0,0,0,0,0,0,0,0,0,0,0,0,0,0,0,0,0,0,0,0,0,0,0,0,0,0,0,0,0,0,0,0,0,0,0,3,5,5,5,5,5,5,6,6,5,5,5,5,5,5,6,6,7,8,7,8,8,8,9,9,9,10,9,9,9,10,12,12,12,13,15,14,17,21,27,36,45,72,98,135,193,231,255,212,192,164,132,114,92,54,17,4,3,3,4,5,7,10,12,12,11,10,9,9,7,6,6,5,3,1,0,0,0,0,0,0,0,0,0,0,0,0,0,0,0,0,27
2016/02/03 08:15:00,235554,172812,0,12,252,0,0,0,0,0,0,0,0,0,0,0,0,0,0,0,0,0,0,0,0,0,0,0,0,0,0,0,0,0,0,0,0,0,0,0,0,0,0,0,4,5,6,5,5,5,5,5,6,5,5,5,5,5,5,6,6,7,8,7,8,8,8,9,10,9,9,9,10,10,11,12,12,12,13,14,16,17,21,26,37,45,72,101,137,192,230,255,208,189,164,130,114,91,53,18,4,2,3,4,5,7,9,12,11,11,10,9,9,8,7,6,4,2,1,0,0,0,0,0,0,0,0,0,0,0,0,0,0,0,0,27
2016/02/05 08:15:00,233145,172812,0,13,253,0,0,0,0,0,0,0,0,0,0,0,0,0,0,0,0,0,0,0,0,0,0,0,0,0,0,0,0,0,0,0,0,0,0,0,0,0,0,0,3,5,5,5,5,5,5,6,6,5,5,5,5,5,6,6,6,7,8,7,8,9,9,9,10,9,9,10,9,10,11,13,12,13,13,14,15,18,20,26,37,46,73,101,141,192,231,255,211,191,165,132,116,97,58,22,6,3,3,4,5,7,10,13,12,11,10,10,8,8,7,6,5,3,1,0,0,0,0,0,0,0,0,0,0,0,0,0,0,0,0,28
2016/02/07 08:15:00,224327,172812,0,13,253,0,0,0,0,0,0,0,0,0,0,0,0,0,0,0,0,0,0,0,0,0,0,0,0,0,0,0,0,0,0,0,0,0,0,0,0,0,0,0,3,4,5,5,4,5,5,5,6,5,5,5,5,5,6,6,6,8,7,7,8,8,9,9,10,9,9,9,9,10,10,11,12,13,13,15,15,17,21,27,37,44,71,97,138,195,232,255,214,191,168,130,113,91,52,18,4,3,3,4,5,7,9,12,12,11,10,10,9,8,7,6,5,3,1,0,0,0,0,0,0,0,0,0,0,0,0,0,0,0,0,28
2016/02/09 08:15:00,233130,172812,0,13,253,0,0,0,0,0,0,0,0,0,0,0,0,0,0,0,0,0,0,0,0,0,0,0,0,0,0,0,0,0,0,0,0,0,0,0,0,0,0,0,3,5,5,5,5,5,5,5,6,5,5,5,5,5,6,6,7,8,8,7,8,9,8,9,10,9,9,10,9,10,11,12,12,13,13,14,15,17,21,27,37,48,74,104,144,198,232,255,208,188,164,133,116,95,60,24,5,3,3,4,5,7,9,12,12,11,10,10,9,8,6,6,5,3,1,0,0,0,0,0,0,0,0,0,0,0,0,0,0,0,0,28
2016/02/11 08:15:00,241436,172812,0,13,254,0,0,0,0,0,0,0,0,0,0,0,0,0,0,0,0,0,0,0,0,0,0,0,0,0,0,0,0,0,0,0,0,0,0,0,0,0,0,0,3,5,6,5,5,6,5,5,6,5,5,5,5,5,6,6,7,8,8,7,9,9,9,9,9,9,10,10,10,11,11,13,13,13,14,14,15,17,21,26,37,47,76,105,143,197,231,255,213,191,169,134,119,103,65,26,5,3,3,4,6,8,9,12,12,11,9,10,8,8,7,6,5,3,2,0,0,0,0,0,0,0,0,0,0,0,0,0,0,0,0,28
2016/02/13 08:15:00,245461,172811,0,14,254,0,0,0,0,0,0,0,0,0,0,0,0,0,0,0,0,0,0,0,0,0,0,0,0,0,0,0,0,0,0,0,0,0,0,0,0,0,0,0,3,5,5,5,5,5,5,6,6,5,5,5,5,6,6,6,7,8,8,8,9,9,9,10,10,10,10,10,10,11,11,13,13,14,13,15,15,18,22,28,39,49,77,109,150,204,237,255,215,192,168,136,127,110,73,32,7,3,3,5,6,7,11,12,12,11,11,9,9,7,7,7,6,4,2,0,0,0,0,0,0,0,0,0,0,0,0,0,0,0,0,27
2016/02/15 08:15:00,234456,172811,0,14,254,0,0,0,0,0,0,0,0,0,0,0,0,0,0,0,0,0,0,0,0,0,0,0,0,0,0,0,0,0,0,0,0,0,0,0,0,0,0,0,3,5,6,5,4,5,5,5,6,5,5,5,5,5,6,6,7,7,8,8,8,9,8,9,9,9,8,8,10,11,10,12,12,13,12,14,15,17,21,26,37,44,70,100,136,193,234,255,211,190,166,133,118,100,59,20,5,3,3,4,5,7,9,13,11,11,9,9,9,8,7,6,5,3,1,0,0,0,0,0,0,0,0,0,0,0,0,0,0,0,0,28
2016/02/17 08:15:00,233890,172811,0,14,255,0,0,0,0,0,0,0,0,0,0,0,0,0,0,0,0,0,0,0,0,0,0,0,0,0,0,0,0,0,0,0,0,0,0,0,0,0,0,0,3,5,5,5,4,5,5,6,6,5,5,5,5,5,5,6,6,7,8,7,8,9,8,9,10,9,9,9,10,11,11,12,12,13,13,14,15,17,21,26,37,46,75,104,143,199,236,255,212,191,169,135,119,100,62,23,4,3,4,4,6,7,10,12,12,12,10,10,9,7,7,6,6,3,1,0,0,0,0,0,0,0,0,0,0,0,0,0,0,0,0,28
2016/02/19 08:15:00,232501,172812,0,14,255,0,0,0,0,0,0,0,0,0,0,0,0,0,0,0,0,0,0,0,0,0,0,0,0,0,0,0,0,0,0,0,0,0,0,0,0,0,0,0,4,5,5,5,5,6,5,6,6,5,5,5,5,5,5,6,6,7,8,8,9,9,9,9,9,9,9,9,9,10,11,12,13,13,12,14,15,18,21,28,38,46,74,105,146,200,236,255,214,195,166,137,121,103,65,25,6,3,4,4,5,8,10,12,12,12,10,9,8,8,7,7,6,4,1,0,0,0,0,0,0,0,0,0,0,0,0,0,0,0,0,30
2016/02/21 08:15:00,233765,172812,0,14,255,0,0,0,0,0,0,0,0,0,0,0,0,0,0,0,0,0,0,0,0,0,0,0,0,0,0,0,0,0,0,0,0,0,0,0,0,0,0,0,3,5,6,5,5,5,5,6,6,5,5,5,5,5,5,6,7,8,8,7,8,10,9,9,10,9,9,9,10,10,11,12,12,13,14,14,15,18,22,27,36,45,75,104,142,196,235,255,213,195,167,136,119,101,63,24,6,3,3,5,6,7,9,13,12,11,10,9,9,7,7,6,5,3,1,0,0,0,0,0,0,0,0,0,0,0,0,0,0,0,0,27
2016/02/23 08:15:00,231001,172812,0,14,255,0,0,0,0,0,0,0,0,0,0,0,0,0,0,0,0,0,0,0,0,0,0,0,0,0,0,0,0,0,0,0,0,0,0,0,0,0,0,0,3,5,5,6,4,5,5,6,6,4,4,5,5,6,6,6,6,8,8,7,8,8,9,9,10,9,9,9,10,11,11,12,12,13,13,15,14,17,21,27,37,44,71,101,141,197,235,255,210,189,164,133,119,101,64,23,5,2,3,4,5,8,9,13,12,11,10,10,9,7,7,6,5,3,1,0,0,0,0,0,0,0,0,0,0,0,0,0,0,0,0,28
2016/02/25 08:15:00,225037,172812,0,14,255,0,0,0,0,0,0,0,0,0,0,0,0,0,0,0,0,0,0,0,0,0,0,0,0,0,0,0,0,0,0,0,0,0,0,0,0,0,0,0,4,5,5,5,5,5,5,5,6,5,5,5,5,6,5,6,6,7,8,6,8,9,8,9,9,9,9,9,9,11,10,12,12,12,12,14,14,17,20,26,35,44,71,98,136,189,230,255,212,189,164,133,117,94,56,19,4,3,3,4,6,7,9,12,12,11,10,9,9,7,7,6,5,3,1,0,0,0,0,0,0,0,0,0,0,0,0,0,0,0,0,28
2016/02/27 08:15:00,223658,172812,0,14,255,0,0,0,0,0,0,0,0,0,0,0,0,0,0,0,0,0,0,0,0,0,0,0,0,0,0,0,0,0,0,0,0,0,0,0,0,0,0,0,3,5,5,5,4,5,5,6,5,5,4,5,5,5,6,6,6,8,7,7,8,8,8,9,9,8,9,9,9,9,10,12,12,12,13,14,15,18,21,26,35,46,72,100,139,191,230,255,211,188,165,130,111,86,47,15,4,3,3,4,5,7,9,12,12,11,10,9,9,7,6,6,4,2,1,0,0,0,0,0,0,0,0,0,0,0,0,0,0,0,0,28
2016/02/29 08:15:00,220151,172812,0,15,255,0,0,0,0,0,0,0,0,0,0,0,0,0,0,0,0,0,0,0,0,0,0,0,0,0,0,0,0,0,0,0,0,0,0,0,0,0,0,0,3,4,6,5,4,5,6,6,6,5,6,5,5,5,6,6,7,7,8,7,8,9,8,8,9,9,9,9,9,11,11,12,12,13,13,15,15,18,22,28,37,46,74,106,147,202,233,255,208,191,164,129,113,91,54,20,5,3,3,5,6,8,9,13,12,11,10,10,9,7,6,6,5,3,1,0,0,0,0,0,0,0,0,0,0,0,0,0,0,0,0,27
2016/03/02 08:15:00,224679,172811,0,16,255,0,0,0,0,0,0,0,0,0,0,0,0,0,0,0,0,0,0,0,0,0,0,0,0,0,0,0,0,0,0,0,0,0,0,0,0,0,0,0,3,5,5,5,5,5,5,5,6,5,5,5,5,6,6,7,7,8,8,7,9,9,9,9,10,9,9,10,10,10,10,12,13,14,14,16,14,17,21,28,39,47,79,111,152,201,232,255,213,190,167,137,118,100,64,25,6,3,4,4,6,7,10,12,12,11,10,9,8,8,6,6,5,3,1,1,0,0,0,0,0,0,0,0,0,0,0,0,0,0,0,29
2016/03/04 08:15:00,229662,172811,0,16,255,0,0,0,0,0,0,0,0,0,0,0,0,0,0,0,0,0,0,0,0,0,0,0,0,0,0,0,0,0,0,0,0,0,0,0,0,0,0,0,4,5,5,5,5,5,5,5,6,5,5,5,5,5,6,7,6,9,9,8,9,8,9,9,10,9,9,9,9,11,11,12,12,13,14,15,16,18,22,29,39,49,80,115,152,204,237,255,210,191,168,134,119,99,66,28,7,3,3,5,6,8,10,12,12,12,10,10,9,8,7,7,5,3,2,0,0,0,0,0,0,0,0,0,0,0,0,0,0,0,0,29
2016/03/06 08:15:00,231613,172812,0,18,0,0,0,0,0,0,0,0,0,0,0,0,0,0,0,0,0,0,0,0,0,0,0,0,0,0,0,0,0,0,0,0,0,0,0,0,0,0,0,0,4,5,5,5,5,5,5,5,6,5,5,5,5,5,5,6,6,8,8,7,9,9,9,9,10,9,9,9,10,10,11,12,13,14,13,14,15,18,21,28,38,48,79,111,150,196,230,255,208,190,166,130,117,94,57,25,6,3,4,5,6,8,9,12,12,10,11,9,9,7,7,6,5,3,1,0,0,0,0,0,0,0,0,0,0,0,0,0,0,0,0,29
2016/03/08 08:15:00,236005,172811,0,19,0,0,0,0,0,0,0,0,0,0,0,0,0,0,0,0,0,0,0,0,0,0,0,0,0,0,0,0,0,0,0,0,0,0,0,0,0,0,0,0,4,5,6,6,5,6,5,6,7,6,6,6,5,6,6,7,7,9,8,8,8,9,9,10,10,9,10,10,10,11,12,13,13,14,14,15,16,19,23,29,42,53,87,125,162,207,235,255,209,192,170,137,128,109,77,33,9,3,4,5,7,8,10,12,12,11,10,10,8,7,7,7,6,4,2,1,0,0,0,0,0,0,0,0,0,0,0,0,0,0,0,30
2016/03/10 08:15:00,235042,172811,0,19,0,0,0,0,0,0,0,0,0,0,0,0,0,0,0,0,0,0,0,0,0,0,0,0,0,0,0,0,0,0,0,0,0,0,0,0,0,0,0,0,3,5,5,6,5,6,6,5,6,5,5,5,5,6,6,6,7,7,8,7,8,9,9,9,10,10,9,10,10,11,11,12,12,13,13,14,16,18,22,28,39,48,78,116,154,206,234,255,210,192,169,137,122,102,68,28,7,3,3,5,6,8,9,13,12,11,11,10,8,8,7,6,6,4,2,0,0,0,0,0,0,0,0,0,0,0,0,0,0,0,0,28
2016/03/12 08:15:00,238091,172812,0,19,0,0,0,0,0,0,0,0,0,0,0,0,0,0,0,0,0,0,0,0,0,0,0,0,0,0,0,0,0,0,0,0,0,0,0,0,0,0,0,0,3,5,6,5,5,5,5,6,6,5,5,5,6,6,6,6,7,9,8,8,9,9,9,10,10,10,9,10,9,11,11,12,12,14,14,15,15,19,22,29,40,50,83,119,160,208,235,255,216,193,167,134,118,101,63,27,7,3,4,5,6,8,10,13,12,11,10,10,9,7,7,6,6,3,2,0,0,0,0,0,0,0,0,0,0,0,0,0,0,0,0,29
2016/03/14 08:15:00,235198,172811,0,20,0,0,0,0,0,0,0,0,0,0,0,0,0,0,0,0,0,0,0,0,0,0,0,0,0,0,0,0,0,0,0,0,0,0,0,0,0,0,0,0,3,5,6,6,4,6,6,6,6,6,5,5,6,6,7,7,7,9,9,8,9,9,9,10,11,10,10,10,11,12,12,14,13,15,15,16,16,19,23,29,42,54,90,129,169,217,237,255,215,191,171,139,127,114,82,39,11,3,4,5,7,9,11,13,11,11,10,9,8,8,8,7,5,5,3,1,0,0,0,0,0,0,0,0,0,0,0,0,0,0,0,30
2016/03/16 08:15:00,238921,172811,0,20,0,0,0,0,0,0,0,0,0,0,0,0,0,0,0,0,0,0,0,0,0,0,0,0,0,0,0,0,0,0,0,0,0,0,0,0,0,0,0,0,4,5,5,6,5,6,6,6,6,5,5,6,6,6,6,7,7,9,8,7,9,10,9,10,10,10,10,10,10,11,11,14,13,14,14,16,16,20,23,30,40,52,88,130,168,211,234,255,213,191,173,140,127,113,83,39,11,4,4,5,6,9,10,13,12,11,10,10,8,8,7,7,6,4,2,1,0,0,0,0,0,0,0,0,0,0,0,0,0,0,0,32
2016/03/18 08:15:00,239740,172811,0,20,0,0,0,0,0,0,0,0,0,0,0,0,0,0,0,0,0,0,0,0,0,0,0,0,0,0,0,0,0,0,0,0,0,0,0,0,0,0,0,0,4,4,5,5,4,5,6,6,6,5,5,5,5,5,6,6,6,7,8,7,9,9,9,9,10,9,9,10,9,10,11,12,12,13,14,15,14,18,21,27,37,46,76,108,144,197,231,255,212,191,165,135,119,106,71,31,8,3,3,4,6,8,10,12,12,11,11,9,9,7,7,7,6,3,2,1,0,0,0,0,0,0,0,0,0,0,0,0,0,0,0,27
2016/03/20 08:15:00,242886,172812,0,21,0,0,0,0,0,0,0,0,0,0,0,0,0,0,0,0,0,0,0,0,0,0,0,0,0,0,0,0,0,0,0,0,0,0,0,0,0,0,0,0,3,5,6,6,5,6,5,6,6,6,5,5,6,6,6,7,8,8,9,8,9,9,9,10,11,9,10,10,11,12,11,13,13,15,14,16,16,19,23,31,42,53,90,127,162,202,227,255,213,190,169,138,126,114,82,42,11,4,3,5,6,9,10,12,12,11,10,9,9,8,7,7,6,4,3,1,0,0,0,0,0,0,0,0,0,0,0,0,0,0,0,29
2016/03/22 08:15:00,240537,172811,0,21,0,0,0,0,0,0,0,0,0,0,0,0,0,0,0,0,0,0,0,0,0,0,0,0,0,0,0,0,0,0,0,0,0,0,0,0,0,0,0,0,4,6,6,6,5,5,6,6,6,6,5,6,6,7,6,8,7,8,9,8,9,10,10,9,11,10,10,11,11,12,11,14,13,14,15,16,16,19,24,32,42,54,91,130,170,214,235,255,215,196,172,140,128,118,88,45,13,4,4,5,7,9,10,13,11,11,10,10,8,8,7,6,6,4,3,1,0,0,0,0,0,0,0,0,0,0,0,0,0,0,0,31
2016/03/24 08:15:00,232784,172811,0,21,0,0,0,0,0,0,0,0,0,0,0,0,0,0,0,0,0,0,0,0,0,0,0,0,0,0,0,0,0,0,0,0,0,0,0,0,0,0,0,0,3,5,6,5,5,5,5,6,6,5,5,5,5,6,6,7,7,8,8,7,8,9,9,9,10,9,9,10,10,11,11,12,12,13,13,14,15,17,20,27,38,46,73,106,145,203,235,255,212,192,169,138,125,109,74,29,7,3,4,5,5,7,9,12,12,10,10,9,9,8,7,6,6,4,2,0,0,0,0,0,0,0,0,0,0,0,0,0,0,0,0,29
2016/03/26 08:15:00,231767,172811,0,21,1,0,0,0,0,0,0,0,0,0,0,0,0,0,0,0,0,0,0,0,0,0,0,0,0,0,0,0,0,0,0,0,0,0,0,0,0,0,0,0,3,4,5,5,5,6,5,6,6,5,5,5,5,5,6,6,6,8,8,7,8,9,9,10,10,9,9,10,10,11,10,13,12,13,13,14,14,17,21,26,37,45,76,104,146,197,235,255,210,194,170,139,123,106,70,27,7,3,3,4,5,7,9,12,12,11,10,10,9,7,7,6,6,3,2,0,0,0,0,0,0,0,0,0,0,0,0,0,0,0,0,29
2016/03/28 08:15:00,233658,172811,0,21,1,0,0,0,0,0,0,0,0,0,0,0,0,0,0,0,0,0,0,0,0,0,0,0,0,0,0,0,0,0,0,0,0,0,0,0,0,0,0,0,3,5,5,5,5,5,6,6,6,5,5,5,6,6,6,6,7,8,9,7,9,9,9,10,11,9,10,10,10,11,11,13,13,14,14,15,15,19,23,29,40,50,82,119,159,205,231,255,210,195,170,139,127,111,80,38,10,3,4,5,7,8,10,12,13,11,10,10,9,8,7,7,6,4,3,1,0,0,0,0,0,0,0,0,0,0,0,0,0,0,0,30
2016/03/30 08:15:00,233846,172811,0,21,1,0,0,0,0,0,0,0,0,0,0,0,0,0,0,0,0,0,0,0,0,0,0,0,0,0,0,0,0,0,0,0,0,0,0,0,0,0,0,0,3,5,6,6,4,6,6,6,6,5,5,6,5,5,6,6,7,8,8,7,9,9,9,9,10,9,9,10,10,10,11,13,13,13,13,15,15,18,21,29,38,48,78,114,157,206,235,255,213,191,170,137,125,111,79,33,9,3,3,5,6,8,10,13,12,11,10,9,9,7,7,6,5,4,2,0,0,0,0,0,0,0,0,0,0,0,0,0,0,0,0,29
2016/04/01 08:15:00,236792,172811,0,21,1,0,0,0,0,0,0,0,0,0,0,0,0,0,0,0,0,0,0,0,0,0,0,0,0,0,0,0,0,0,0,0,0,0,0,0,0,0,0,0,3,5,6,5,5,6,6,6,7,6,5,6,5,5,6,7,6,9,9,7,9,10,10,10,10,9,10,10,11,11,11,13,12,14,14,15,16,19,22,28,39,51,86,124,161,211,233,255,214,193,172,141,128,113,83,39,11,4,4,5,6,9,10,13,12,11,10,10,9,8,7,6,6,4,2,1,0,0,0,0,0,0,0,0,0,0,0,0,0,0,0,30
2016/04/03 08:15:00,238212,172811,0,22,1,0,0,0,0,0,0,0,0,0,0,0,0,0,0,0,0,0,0,0,0,0,0,0,0,0,0,0,0,0,0,0,0,0,0,0,0,0,0,0,4,5,6,6,5,6,6,6,6,5,5,6,5,6,6,7,8,9,9,8,10,9,9,10,11,10,10,10,11,11,11,14,14,14,14,15,16,19,24,31,42,56,95,135,168,210,231,255,209,191,169,140,127,118,87,45,14,4,4,5,7,9,10,12,12,10,9,10,9,8,7,6,6,4,3,1,0,0,0,0,0,0,0,0,0,0,0,0,0,0,0,32
2016/04/05 08:15:00,241307,172810,0,25,1,0,0,0,0,0,0,0,0,0,0,0,0,0,0,0,0,0,0,0,0,0,0,0,0,0,0,0,0,0,0,0,0,0,0,0,0,0,0,0,4,5,6,6,5,6,6,6,7,6,6,5,6,6,6,7,8,9,10,8,10,10,10,10,11,11,11,11,11,12,13,14,13,15,15,16,17,20,25,31,47,61,105,147,178,216,232,255,213,193,174,143,133,121,96,53,17,5,4,6,8,9,11,13,12,11,10,10,9,8,7,7,7,5,3,2,0,0,0,0,0,0,0,0,0,0,0,0,0,0,0,33
2016/04/07 08:15:00,239716,172810,0,25,2,0,0,0,0,0,0,0,0,0,0,0,0,0,0,0,0,0,0,0,0,0,0,0,0,0,0,0,0,0,0,0,0,0,0,0,0,0,0,0,4,5,5,6,5,5,6,5,6,5,5,6,6,5,6,7,8,8,9,7,9,9,9,10,11,10,10,10,11,11,11,13,13,14,15,16,16,20,23,30,42,53,91,132,174,216,235,255,212,195,173,144,131,120,93,50,14,4,4,6,7,9,11,13,11,11,10,10,8,7,7,7,6,5,3,1,0,0,0,0,0,0,0,0,0,0,0,0,0,0,0,30
2016/04/09 08:15:00,238576,172811,0,25,2,0,0,0,0,0,0,0,0,0,0,0,0,0,0,0,0,0,0,0,0,0,0,0,0,0,0,0,0,0,0,0,0,0,0,0,0,0,0,0,4,6,6,6,5,6,6,6,6,6,6,5,5,6,6,7,7,8,8,8,9,10,9,10,10,10,10,10,10,12,12,14,12,14,14,14,15,20,22,29,41,50,86,127,170,215,236,255,210,190,170,142,131,117,89,44,12,4,4,5,7,8,10,13,12,11,10,10,9,8,7,7,6,5,3,1,0,0,0,0,0,0,0,0,0,0,0,0,0,0,0,29
2016/04/11 08:15:00,239540,172811,0,25,2,0,0,0,0,0,0,0,0,0,0,0,0,0,0,0,0,0,0,0,0,0,0,0,0,0,0,0,0,0,0,0,0,0,0,0,0,0,0,0,3,5,5,5,5,6,6,6,6,5,6,5,6,7,6,7,8,9,9,8,9,9,9,10,10,9,10,10,10,12,12,13,13,14,14,16,16,19,22,29,42,53,90,129,165,209,234,255,214,192,170,141,130,114,88,45,13,4,4,5,7,9,10,12,12,10,10,10,8,8,7,6,6,4,3,1,0,0,0,0,0,0,0,0,0,0,0,0,0,0,0,30
2016/04/13 08:15:00,242920,172811,0,25,2,0,0,0,0,0,0,0,0,0,0,0,0,0,0,0,0,0,0,0,0,0,0,0,0,0,0,0,0,0,0,0,0,0,0,0,0,0,0,0,4,6,7,6,6,6,6,6,6,6,6,6,6,6,6,7,9,9,9,8,10,10,9,10,11,10,10,11,11,12,13,14,14,15,15,16,16,20,25,33,45,57,99,144,178,219,236,255,215,196,176,143,133,121,96,51,16,4,5,6,8,9,11,14,12,11,11,10,9,9,7,6,7,5,3,1,0,0,0,0,0,0,0,0,0,0,0,0,0,0,0,32
2016/04/15 08:15:00,241726,172810,0,25,2,0,0,0,0,0,0,0,0,0,0,0,0,0,0,0,0,0,0,0,0,0,0,0,0,0,0,0,0,0,0,0,0,0,0,0,0,0,0,0,4,6,6,6,5,5,6,7,6,6,6,5,6,6,7,7,8,9,9,8,9,9,10,10,11,10,10,10,11,12,12,13,14,14,13,16,16,19,23,30,40,55,87,130,175,216,233,255,215,195,172,143,131,117,93,47,13,4,3,5,6,9,11,13,12,11,10,9,9,8,7,7,6,4,3,1,0,0,0,0,0,0,0,0,0,0,0,0,0,0,0,32
2016/04/17 08:15:00,237073,172811,0,25,2,0,0,0,0,0,0,0,0,0,0,0,0,0,0,0,0,0,0,0,0,0,0,0,0,0,0,0,0,0,0,0,0,0,0,0,0,0,0,0,3,5,5,6,5,6,6,6,6,5,5,5,5,6,6,6,7,8,9,8,9,9,9,9,10,10,9,10,10,11,12,12,12,13,13,15,15,18,21,26,39,48,78,114,156,209,234,255,211,192,169,140,127,111,81,36,9,3,4,5,5,8,10,13,12,12,10,10,9,7,7,6,6,4,2,1,0,0,0,0,0,0,0,0,0,0,0,0,0,0,0,29
2016/04/19 08:15:00,242235,172811,0,25,3,0,0,0,0,0,0,0,0,0,0,0,0,0,0,0,0,0,0,0,0,0,0,0,0,0,0,0,0,0,0,0,0,0,0,0,0,0,0,0,4,6,6,6,5,5,6,6,6,5,6,5,5,7,7,7,8,9,9,8,9,10,9,10,10,9,9,10,10,11,12,13,13,13,14,15,15,19,23,30,42,53,91,129,162,204,230,255,213,192,170,140,126,114,86,43,14,4,4,5,7,8,10,12,13,11,10,10,9,8,7,6,6,4,3,1,0,0,0,0,0,0,0,0,0,0,0,0,0,0,0,31
2016/04/21 08:15:00,234026,172811,0,25,3,0,0,0,0,0,0,0,0,0,0,0,0,0,0,0,0,0,0,0,0,0,0,0,0,0,0,0,0,0,0,0,0,0,0,0,0,0,0,0,4,5,6,6,5,5,6,6,6,5,5,5,6,6,6,7,8,9,9,8,9,10,9,9,11,10,10,10,11,12,12,13,13,14,14,15,15,19,23,30,41,51,85,125,165,212,236,255,211,194,173,141,130,116,87,42,12,4,4,5,7,9,11,13,12,11,11,9,8,8,7,7,6,4,2,1,0,0,0,0,0,0,0,0,0,0,0,0,0,0,0,32
2016/04/23 08:15:00,237985,172811,0,25,3,0,0,0,0,0,0,0,0,0,0,0,0,0,0,0,0,0,0,0,0,0,0,0,0,0,0,0,0,0,0,0,0,0,0,0,0,0,0,0,3,5,6,5,5,6,5,6,6,5,6,6,5,5,6,6,7,8,8,8,9,9,10,9,10,10,10,11,9,10,11,13,12,13,13,14,15,18,22,28,38,47,80,118,156,209,233,255,213,192,168,140,127,114,85,38,11,3,4,5,6,8,9,12,12,10,11,9,9,7,7,6,6,4,3,1,0,0,0,0,0,0,0,0,0,0,0,0,0,0,0,29
2016/04/25 08:15:00,239901,172811,0,25,3,0,0,0,0,0,0,0,0,0,0,0,0,0,0,0,0,0,0,0,0,0,0,0,0,0,0,0,0,0,0,0,0,0,0,0,0,0,0,0,4,6,6,6,5,6,5,6,7,6,6,6,6,6,6,7,8,9,8,7,9,10,10,10,10,9,10,10,10,12,12,13,13,14,15,16,15,19,24,30,42,53,89,132,173,216,234,255,214,192,171,141,129,118,91,45,12,4,4,5,7,9,11,13,12,11,10,10,9,8,7,7,6,4,3,1,0,0,0,0,0,0,0,0,0,0,0,0,0,0,0,31
2016/04/27 08:15:00,235203,172811,0,25,3,0,0,0,0,0,0,0,0,0,0,0,0,0,0,0,0,0,0,0,0,0,0,0,0,0,0,0,0,0,0,0,0,0,0,0,0,0,0,0,4,5,5,6,5,6,5,6,6,6,5,5,6,5,6,6,7,8,9,8,9,9,9,10,10,10,10,10,11,11,11,13,13,14,14,15,15,19,23,30,40,51,87,128,169,212,231,255,212,193,170,140,128,114,87,42,12,4,4,5,7,9,11,13,12,11,11,10,9,8,8,6,6,5,2,1,0,0,0,0,0,0,0,0,0,0,0,0,0,0,0,30
2016/04/29 08:15:00,234493,172811,0,25,3,0,0,0,0,0,0,0,0,0,0,0,0,0,0,0,0,0,0,0,0,0,0,0,0,0,0,0,0,0,0,0,0,0,0,0,0,0,0,0,4,6,6,6,5,7,6,6,6,5,5,6,6,6,6,7,8,9,9,8,10,10,9,10,11,10,9,10,11,12,11,13,13,14,15,15,17,19,24,31,42,56,97,138,173,216,234,255,215,194,175,144,129,117,92,47,14,4,4,5,7,9,11,12,12,11,10,10,9,8,7,7,6,4,3,1,0,0,0,0,0,0,0,0,0,0,0,0,0,0,0,32
2016/05/01 08:15:00,239218,172811,0,25,3,0,0,0,0,0,0,0,0,0,0,0,0,0,0,0,0,0,0,0,0,0,0,0,0,0,0,0,0,0,0,0,0,0,0,0,0,0,0,0,4,5,6,5,5,5,6,6,6,5,6,5,6,6,7,7,8,9,8,7,9,10,10,10,10,10,10,10,11,12,11,14,13,15,15,15,16,20,23,30,44,54,94,136,174,215,234,255,214,191,173,142,129,119,92,47,14,4,4,6,7,8,10,13,12,11,10,10,9,8,8,7,7,4,3,1,0,0,0,0,0,0,0,0,0,0,0,0,0,0,0,32
2016/05/03 08:15:00,239608,172811,0,25,4,0,0,0,0,0,0,0,0,0,0,0,0,0,0,0,0,0,0,0,0,0,0,0,0,0,0,0,0,0,0,0,0,0,0,0,0,0,0,0,4,6,6,6,5,6,6,7,7,6,6,6,6,6,7,8,9,9,9,8,10,10,9,11,11,10,10,11,11,13,12,14,14,15,16,18,19,21,26,34,48,64,112,152,183,220,236,255,215,195,175,143,131,120,94,54,18,6,5,7,8,9,10,13,13,12,11,9,9,8,7,7,7,5,3,2,0,0,0,0,0,0,0,0,0,0,0,0,0,0,0,34
2016/05/05 08:15:00,239898,172810,0,27,4,0,0,0,0,0,0,0,0,0,0,0,0,0,0,0,0,0,0,0,0,0,0,0,0,0,0,0,0,0,0,0,0,0,0,0,0,0,0,0,4,6,6,6,5,6,6,7,7,5,6,6,6,7,7,8,9,10,9,9,10,10,10,11,11,11,11,11,11,13,13,14,15,16,15,17,18,21,26,34,49,69,117,157,182,217,231,255,209,191,171,143,132,121,98,57,21,6,5,7,8,10,11,13,11,11,10,9,9,8,8,7,6,5,4,1,0,0,0,0,0,0,0,0,0,0,0,0,0,0,0,35
2016/05/07 08:15:00,238874,172810,0,27,4,0,0,0,0,0,0,0,0,0,0,0,0,0,0,0,0,0,0,0,0,0,0,0,0,0,0,0,0,0,0,0,0,0,0,0,0,0,0,0,4,6,6,6,5,6,6,6,7,6,6,6,7,7,7,8,9,10,9,9,10,10,10,10,11,10,10,11,12,13,13,14,14,16,16,17,18,22,25,35,50,68,113,156,190,219,231,255,210,195,173,144,134,122,101,58,20,6,5,7,8,10,12,13,12,11,10,9,9,8,7,7,6,5,3,2,0,0,0,0,0,0,0,0,0,0,0,0,0,0,0,34
2016/05/09 08:15:00,232529,172810,0,27,4,0,0,0,0,0,0,0,0,0,0,0,0,0,0,0,0,0,0,0,0,0,0,0,0,0,0,0,0,0,0,0,0,0,0,0,0,0,0,0,4,6,6,5,5,6,5,6,6,6,5,5,6,6,6,7,8,9,9,8,9,9,10,11,11,9,10,11,11,12,12,14,14,15,14,15,16,19,24,31,44,56,97,142,184,226,237,255,213,196,172,143,131,121,95,52,16,4,5,6,7,9,11,12,12,11,10,9,9,8,8,7,6,5,3,1,0,0,0,0,0,0,0,0,0,0,0,0,0,0,0,32
2016/05/11 08:15:00,235076,172810,0,27,4,0,0,0,0,0,0,0,0,0,0,0,0,0,0,0,0,0,0,0,0,0,0,0,0,0,0,0,0,0,0,0,0,0,0,0,0,0,0,0,4,5,6,6,5,6,6,6,7,6,6,6,7,7,7,8,8,9,9,9,9,10,9,11,11,11,10,11,12,12,13,15,14,16,15,16,17,21,25,33,45,60,106,148,180,217,234,255,212,195,176,146,130,123,96,55,18,5,4,6,8,9,11,13,12,11,10,9,9,8,7,7,6,5,3,1,0,0,0,0,0,0,0,0,0,0,0,0,0,0,0,35
2016/05/13 08:15:00,241060,172810,0,27,4,0,1,0,0,0,0,0,0,0,0,0,0,0,0,0,0,0,0,0,0,0,0,0,0,0,0,0,0,0,0,0,0,0,0,0,0,0,0,0,4,6,7,7,6,7,7,7,7,6,6,6,7,6,7,8,9,10,10,9,10,10,11,10,12,11,11,12,12,14,13,16,15,16,16,17,18,22,26,37,51,69,122,162,196,223,232,255,213,196,173,145,133,126,104,65,24,6,5,7,8,10,11,14,12,11,10,10,9,8,7,8,7,5,4,2,0,0,0,0,0,0,0,0,0,0,0,0,0,0,0,36
2016/05/15 08:15:00,237266,172811,0,27,4,0,0,0,0,0,0,0,0,0,0,0,0,0,0,0,0,0,0,0,0,0,0,0,0,0,0,0,0,0,0,0,0,0,0,0,0,0,0,0,3,5,6,6,5,6,5,7,7,6,5,6,6,6,7,7,7,9,9,8,10,10,10,11,11,10,10,11,11,11,12,13,12,14,14,15,17,20,24,30,43,55,97,132,170,215,240,255,217,195,173,142,130,120,90,46,15,4,4,6,7,8,11,13,12,11,10,10,9,8,7,7,6,4,3,1,0,0,0,0,0,0,0,0,0,0,0,0,0,0,0,33
2016/05/17 08:15:00,237839,172811,0,27,5,0,0,0,0,0,0,0,0,0,0,0,0,0,0,0,0,0,0,0,0,0,0,0,0,0,0,0,0,0,0,0,0,0,0,0,0,0,0,0,4,6,6,6,5,6,6,6,6,6,6,6,6,7,7,7,8,10,9,8,9,10,10,11,11,10,10,12,11,12,12,14,14,15,15,17,16,20,25,32,46,57,102,147,186,221,236,255,214,196,172,146,132,119,97,54,17,4,4,6,8,9,11,13,12,12,11,10,9,8,7,6,7,5,3,1,0,0,0,0,0,0,0,0,0,0,0,0,0,0,0,34
2016/05/19 08:15:00,236738,172811,0,27,5,0,0,0,0,0,0,0,0,0,0,0,0,0,0,0,0,0,0,0,0,0,0,0,0,0,0,0,0,0,0,0,0,0,0,0,0,0,0,0,4,5,6,6,5,6,6,6,6,6,6,5,6,6,7,8,8,10,9,8,10,10,10,11,11,10,10,10,11,12,12,14,14,15,15,17,17,20,24,32,46,58,105,152,187,221,234,255,216,191,176,142,133,121,97,54,17,5,4,6,8,10,12,14,12,11,11,10,9,8,8,7,6,5,3,1,0,0,0,0,0,0,0,0,0,0,0,0,0,0,0,34
2016/05/23 04:31:00,233174,172747,4,22,12,1,1,0,0,0,0,0,0,0,0,0,0,0,0,0,0,0,0,0,0,0,0,0,0,0,0,0,0,0,0,0,0,0,0,0,0,0,0,0,4,6,6,6,5,6,6,6,6,6,5,5,6,6,6,7,8,9,9,8,9,9,9,10,11,10,10,10,11,12,11,14,14,16,14,16,16,19,24,31,43,56,95,138,181,221,229,255,214,192,174,142,133,121,98,54,17,5,4,6,7,9,11,13,12,11,10,10,9,8,8,7,6,5,3,1,0,0,0,0,0,0,0,0,0,0,0,0,0,0,0,32
2016/05/25 04:31:00,239624,172811,4,26,14,1,0,0,0,0,0,0,0,0,0,0,0,0,0,0,0,0,0,0,0,0,0,0,0,0,0,0,0,0,0,0,0,0,0,0,0,0,0,0,4,5,7,6,5,7,6,7,6,6,7,6,7,6,7,8,9,10,9,9,10,10,11,11,11,11,10,12,12,12,13,15,16,16,16,18,18,23,28,36,51,69,121,169,197,226,235,255,214,197,176,151,135,128,104,65,25,6,5,7,8,10,11,12,12,12,10,10,9,8,8,7,6,5,4,2,0,0,0,0,0,0,0,0,0,0,0,0,0,0,0,39
2016/05/27 04:31:00,237431,172811,4,26,12,1,1,0,0,0,0,0,0,0,0,0,0,0,0,0,0,0,0,0,0,0,0,0,0,0,0,0,0,0,0,0,0,0,0,0,0,0,0,0,3,6,6,6,5,6,6,6,6,5,5,5,6,6,6,6,7,8,9,7,9,10,9,10,11,10,9,10,10,12,11,13,13,13,13,15,15,18,21,28,39,49,81,120,160,214,238,255,213,194,170,141,127,115,87,41,11,4,4,5,6,8,11,13,12,11,10,9,9,7,7,6,6,4,3,1,0,0,0,0,0,0,0,0,0,0,0,0,0,0,0,29
2016/05/29 04:31:00,230084,172811,4,26,12,1,1,0,0,0,0,0,0,0,0,0,0,0,0,0,0,0,0,0,0,0,0,0,0,0,0,0,0,0,0,0,0,0,0,0,0,0,0,0,4,5,6,6,5,6,6,6,6,6,5,6,6,6,7,7,8,9,9,8,8,10,10,11,11,9,11,10,10,12,12,13,13,14,14,15,16,19,23,31,43,54,92,135,178,218,230,255,208,190,170,141,126,117,93,46,14,4,4,6,7,9,10,12,12,11,10,10,9,8,7,7,6,5,3,1,0,0,0,0,0,0,0,0,0,0,0,0,0,0,0,33
2016/05/31 04:31:00,235369,172811,4,26,13,1,1,0,0,0,0,0,0,0,0,0,0,0,0,0,0,0,0,0,0,0,0,0,0,0,0,0,0,0,0,0,0,0,0,0,0,0,0,0,5,6,6,7,5,7,7,7,7,6,7,6,7,7,7,9,10,10,10,9,10,11,11,12,12,11,11,12,12,13,14,15,15,17,16,18,18,23,28,38,54,72,132,184,213,237,237,255,214,197,179,149,135,128,107,68,23,7,5,7,9,11,12,13,12,11,11,10,9,8,7,7,7,5,4,2,0,0,0,0,0,0,0,0,0,0,0,0,0,0,0,39
2016/06/02 04:31:00,231252,172811,4,26,13,1,1,0,0,0,0,0,0,0,0,0,0,0,0,0,0,0,0,0,0,0,0,0,0,0,0,0,0,0,0,0,0,0,0,0,0,0,0,0,4,6,6,6,5,6,7,6,7,6,6,6,6,6,7,7,9,10,9,9,10,11,10,11,11,11,11,12,12,13,13,15,14,15,16,16,18,21,26,36,49,65,115,167,207,230,236,255,216,196,177,146,133,127,103,60,20,6,5,6,8,10,12,14,12,12,10,10,9,8,8,7,7,5,3,2,0,0,0,0,0,0,0,0,0,0,0,0,0,0,0,33
2016/06/04 04:31:00,232413,172811,4,26,13,1,1,0,0,0,0,0,0,0,0,0,0,0,0,0,0,0,0,0,0,0,0,0,0,0,0,0,0,0,0,0,0,0,0,0,0,0,0,0,4,6,6,6,6,6,6,6,6,6,6,6,6,7,7,7,8,10,9,9,10,10,10,10,12,10,10,11,11,12,13,14,14,15,15,16,16,21,26,33,47,63,110,156,188,223,235,255,214,195,174,146,131,123,98,52,18,5,5,6,7,9,11,13,12,11,10,10,9,8,7,7,6,5,3,2,0,0,0,0,0,0,0,0,0,0,0,0,0,0,0,33
2016/06/06 04:31:00,230906,172811,2,26,13,1,1,1,0,0,0,0,0,0,0,0,0,0,0,0,0,0,0,0,0,0,0,0,0,0,0,0,0,0,0,0,0,0,0,0,0,0,0,0,4,6,6,7,5,6,6,6,7,6,6,6,6,5,6,8,9,9,9,9,10,10,11,11,12,11,10,11,11,12,12,15,14,15,16,18,18,21,27,34,48,65,113,157,190,223,233,255,215,197,172,142,134,123,99,55,19,6,5,7,8,10,12,13,12,11,10,10,9,8,8,7,7,5,3,2,0,0,0,0,0,0,0,0,0,0,0,0,0,0,0,34
2016/06/08 04:31:00,229823,172811,2,26,13,1,1,1,0,0,0,0,0,0,0,0,0,0,0,0,0,0,0,0,0,0,0,0,0,0,0,0,0,0,0,0,0,0,0,0,0,0,0,0,4,6,6,6,6,5,6,7,6,6,6,6,6,6,7,7,8,9,9,9,10,10,10,10,12,11,11,11,12,11,13,14,14,16,15,16,16,20,24,33,46,60,103,152,187,226,235,255,213,195,174,145,132,120,95,50,16,5,4,6,8,9,11,13,12,12,10,10,9,8,7,7,6,4,3,1,0,0,0,0,0,0,0,0,0,0,0,0,0,0,0,36
2016/06/10 04:31:00,228354,172811,2,26,13,1,1,1,0,0,0,0,0,0,0,0,0,0,0,0,0,0,0,0,0,0,0,0,0,0,0,0,0,0,0,0,0,0,0,0,0,0,0,0,4,6,6,6,5,6,6,6,7,6,6,6,6,6,6,8,9,10,10,9,10,11,11,11,11,11,11,11,12,12,12,15,15,16,16,17,17,21,25,35,46,64,108,162,196,230,237,255,216,197,177,150,136,125,99,58,18,5,5,6,8,10,12,13,13,11,10,10,9,8,7,7,7,5,3,2,0,0,0,0,0,0,0,0,0,0,0,0,0,0,0,35
2016/06/12 04:31:00,228769,172811,2,26,13,1,1,1,0,0,0,0,0,0,0,0,0,0,0,0,0,0,0,0,0,0,0,0,0,0,0,0,0,0,0,0,0,0,0,0,0,0,0,0,4,6,6,6,5,7,6,7,7,6,6,6,6,7,7,7,8,10,10,8,10,11,11,11,12,11,10,12,11,13,12,15,15,16,16,17,17,21,26,34,48,66,118,163,198,224,228,255,212,191,173,143,133,124,102,60,21,6,5,6,8,10,10,12,12,11,10,10,9,8,8,7,6,5,4,2,0,0,0,0,0,0,0,0,0,0,0,0,0,0,0,35
2016/06/14 04:31:00,234664,172811,2,26,14,1,1,1,0,0,0,0,0,0,0,0,0,0,0,0,0,0,0,0,0,0,0,0,0,0,0,0,0,0,0,0,0,0,0,0,0,0,0,0,4,6,7,6,5,7,6,7,7,6,6,6,7,7,7,9,9,10,9,9,10,10,11,11,13,11,12,11,12,13,14,15,15,16,16,18,18,21,27,37,53,73,130,174,201,224,229,255,212,193,171,145,133,126,104,66,23,7,6,7,9,10,11,14,12,11,10,9,9,8,8,7,6,5,4,2,0,0,0,0,0,0,0,0,0,0,0,0,0,0,0,38
2016/06/16 04:31:00,228409,172811,1,26,14,1,1,1,0,0,0,0,0,0,0,0,0,0,0,0,0,0,0,0,0,0,0,0,0,0,0,0,0,0,0,0,0,0,0,0,0,0,0,0,4,6,6,6,5,6,6,6,7,6,6,6,6,6,6,8,8,10,10,8,10,10,10,10,12,10,10,11,12,12,12,14,15,15,15,17,16,21,25,33,47,60,107,155,188,226,239,255,213,199,175,146,133,123,98,55,17,5,4,6,8,9,11,13,13,11,10,9,9,8,7,6,7,5,3,2,0,0,0,0,0,0,0,0,0,0,0,0,0,0,0,34
2016/06/18 04:31:00,234802,172811,1,28,14,1,1,1,0,0,0,0,0,0,0,0,0,0,0,0,0,0,0,0,0,0,0,0,0,0,0,0,0,0,0,0,0,0,0,0,0,0,0,0,5,6,7,7,6,7,7,7,8,7,6,7,7,7,8,9,10,10,10,8,11,11,12,11,12,11,12,13,13,13,14,15,15,17,17,19,19,23,28,38,56,77,132,178,205,230,240,255,215,198,179,150,136,127,108,67,24,7,6,8,8,10,11,13,13,11,12,10,8,8,8,7,6,6,4,2,0,0,0,0,0,0,0,0,0,0,0,0,0,0,0,42
2016/06/20 04:31:00,228383,172810,1,28,14,1,1,1,0,0,0,0,0,0,0,0,0,0,0,0,0,0,0,0,0,0,0,0,0,0,0,0,0,0,0,0,0,0,0,0,0,0,0,0,4,6,6,6,6,6,7,7,6,6,6,6,6,7,8,9,9,11,10,9,10,11,11,11,12,10,11,12,12,12,14,15,15,16,17,17,18,23,27,36,53,74,129,170,200,229,233,255,216,195,173,145,133,125,101,64,22,6,5,7,8,10,11,14,12,11,10,10,9,8,8,8,7,5,4,2,0,0,0,0,0,0,0,0,0,0,0,0,0,0,0,36
2016/06/22 04:31:00,232104,172810,1,28,14,1,1,1,0,0,0,0,0,0,0,0,0,0,0,0,0,0,0,0,0,0,0,0,0,0,0,0,0,0,0,0,0,0,0,0,0,0,0,0,4,7,7,7,6,6,7,7,7,6,6,7,7,7,8,9,10,10,11,9,11,11,11,11,13,12,12,12,12,14,13,16,16,17,17,19,20,24,30,41,60,80,144,193,217,236,236,255,218,201,178,151,140,132,111,71,27,7,6,7,9,11,13,14,12,11,11,10,9,8,8,7,7,5,4,2,1,0,0,0,0,0,0,0,0,0,0,0,0,0,0,37
2016/06/24 04:31:00,233589,172811,1,28,14,1,1,1,0,0,0,0,0,0,0,0,0,0,0,0,0,0,0,0,0,0,0,0,0,0,0,0,0,0,0,0,0,0,0,0,0,0,0,0,4,6,7,7,6,6,7,7,7,6,6,6,7,7,7,9,10,11,11,9,11,12,11,11,13,12,12,12,13,13,13,17,16,17,18,19,18,24,30,42,58,80,146,195,220,233,238,255,217,198,177,150,137,132,110,67,26,7,6,8,10,11,13,13,12,11,11,10,9,8,8,7,7,5,4,2,0,0,0,0,0,0,0,0,0,0,0,0,0,0,0,37
2016/06/26 04:31:00,227166,172811,1,28,14,1,1,1,0,0,0,0,0,0,0,0,0,0,0,0,0,0,0,0,0,0,0,0,0,0,0,0,0,0,0,0,0,0,0,0,0,0,0,0,4,6,6,6,5,6,7,7,8,6,6,7,6,6,7,8,9,9,10,9,9,10,10,12,11,10,11,12,12,13,13,15,14,16,17,17,18,21,27,35,49,66,119,167,207,232,232,255,215,194,175,145,133,124,102,57,20,5,5,7,8,10,11,13,12,10,10,9,8,8,7,7,6,5,4,1,0,0,0,0,0,0,0,0,0,0,0,0,0,0,0,36
2016/06/28 04:31:00,229195,172810,1,28,14,1,1,1,0,0,0,0,0,0,0,0,0,0,0,0,0,0,0,0,0,0,0,0,0,0,0,0,0,0,0,0,0,0,0,0,0,0,0,0,4,6,6,6,5,6,7,6,7,6,6,7,6,7,7,9,9,11,10,8,10,11,11,11,12,11,11,11,12,12,13,15,15,16,16,18,18,23,26,37,53,68,127,173,206,227,237,255,213,195,175,148,133,128,105,62,21,6,6,7,8,10,12,13,12,11,10,10,9,8,7,7,7,5,4,2,0,0,0,0,0,0,0,0,0,0,0,0,0,0,0,37
2016/06/30 04:31:00,231653,172810,1,28,15,1,1,1,0,0,0,0,0,0,0,0,0,0,0,0,0,0,0,0,0,0,0,0,0,0,0,0,0,0,0,0,0,0,0,0,0,0,0,0,5,6,7,7,6,6,6,7,8,7,7,7,7,7,7,9,10,10,10,9,11,11,11,12,12,11,11,11,12,13,14,16,15,18,17,18,19,24,28,40,56,78,136,184,205,226,233,255,213,194,179,147,136,128,107,67,26,7,6,8,9,10,12,13,11,10,11,10,10,8,8,7,7,5,4,2,1,0,0,0,0,0,0,0,0,0,0,0,0,0,0,39
2016/07/02 04:31:00,231233,172810,1,28,15,1,1,1,0,0,0,0,0,0,0,0,0,0,0,0,0,0,0,0,0,0,0,0,0,0,0,0,0,0,0,0,0,0,0,0,0,0,0,0,4,5,7,6,5,6,6,7,7,5,6,6,6,7,7,8,9,10,9,8,10,10,10,11,12,10,10,11,11,13,14,15,15,17,16,16,17,21,25,34,48,64,113,164,198,228,238,255,214,197,174,147,136,127,102,62,20,6,5,6,8,10,11,14,11,11,10,10,8,9,7,8,7,5,3,2,0,0,0,0,0,0,0,0,0,0,0,0,0,0,0,35
2016/07/04 04:31:00,236381,172811,1,28,15,1,1,1,0,0,0,0,0,0,0,0,0,0,0,0,0,0,0,0,0,0,0,0,0,0,0,0,0,0,0,0,0,0,0,0,0,0,0,0,4,6,7,6,5,6,6,7,8,6,6,6,6,7,7,8,9,10,9,9,10,11,11,11,12,11,10,12,12,13,13,15,15,16,17,18,18,23,28,37,52,69,127,172,200,227,233,255,216,195,176,148,135,123,105,65,22,6,5,6,8,10,11,13,12,11,11,10,8,8,7,7,7,5,4,2,0,0,0,0,0,0,0,0,0,0,0,0,0,0,0,36
2016/07/06 04:31:00,238762,172811,1,28,15,1,1,1,0,0,0,0,0,0,0,0,0,0,0,0,0,0,0,0,0,0,0,0,0,0,0,0,0,0,0,0,0,0,0,0,0,0,0,0,4,6,7,7,6,7,7,8,8,7,7,7,7,8,8,9,10,12,11,9,12,12,12,13,13,13,13,13,13,14,14,17,16,18,18,20,20,25,31,41,62,87,153,205,226,236,239,255,220,204,182,152,143,136,116,77,30,8,7,9,10,12,13,14,13,12,11,10,9,9,8,7,8,6,5,3,1,0,0,0,0,0,0,0,0,0,0,0,0,0,0,40
2016/07/08 04:31:00,238404,172810,1,28,15,1,1,1,0,0,0,0,0,0,0,0,0,0,0,0,0,0,0,0,0,0,0,0,0,0,0,0,0,0,0,0,0,0,0,0,0,0,0,0,5,6,7,7,5,7,6,7,7,6,6,7,7,7,8,8,10,11,11,10,10,12,11,11,13,13,13,13,14,14,15,16,16,18,18,19,20,24,31,42,62,87,155,205,224,230,231,255,217,199,179,150,139,131,114,75,29,9,6,8,10,11,11,13,12,12,11,9,8,8,8,8,7,5,5,3,1,0,0,0,0,0,0,0,0,0,0,0,0,0,0,40
2016/07/10 04:31:00,229164,172810,1,28,15,1,1,1,0,0,0,0,0,0,0,0,0,0,0,0,0,0,0,0,0,0,0,0,0,0,0,0,0,0,0,0,0,0,0,0,0,0,0,0,5,7,7,7,6,7,7,8,8,7,7,7,8,8,8,10,11,11,11,10,11,13,12,12,14,13,12,12,13,15,15,16,16,18,19,20,21,27,33,45,67,96,169,221,223,238,232,255,219,198,178,152,143,133,115,79,33,10,7,9,10,11,12,13,12,12,12,10,9,8,8,7,8,6,4,2,1,0,0,0,0,0,0,0,0,0,0,0,0,0,0,41
2016/07/12 04:31:00,229224,172810,1,29,16,1,1,1,0,0,0,0,0,0,0,0,0,0,0,0,0,0,0,0,0,0,0,0,0,0,0,0,0,0,0,0,0,0,0,0,0,0,0,0,5,6,7,7,5,7,7,7,8,6,7,7,7,7,8,9,11,11,10,10,11,11,12,12,12,13,12,13,14,14,15,17,17,19,19,21,20,28,32,45,69,96,167,212,221,232,230,255,217,200,176,152,140,133,120,80,34,10,7,9,11,11,11,13,11,11,11,10,10,9,8,7,7,6,4,3,1,0,0,0,0,0,0,0,0,0,0,0,0,0,0,41
2016/07/14 04:31:00,224494,172810,1,29,16,1,1,1,0,0,0,0,0,0,0,0,0,0,0,0,0,0,0,0,0,0,0,0,0,0,0,0,0,0,0,0,0,0,0,0,0,0,0,0,4,6,7,7,6,7,6,7,7,6,5,7,7,6,7,9,9,10,10,9,11,10,12,12,12,11,11,12,12,13,13,15,15,16,16,18,19,24,28,36,50,66,119,174,212,234,238,255,220,200,180,150,140,130,109,66,22,6,5,6,9,11,12,13,12,11,11,10,9,8,7,7,6,5,4,2,0,0,0,0,0,0,0,0,0,0,0,0,0,0,0,37
2016/07/16 04:31:00,229478,172811,1,29,16,1,1,1,0,0,0,0,0,0,0,0,0,0,0,0,0,0,0,0,0,0,0,0,0,0,0,0,0,0,0,0,0,0,0,0,0,0,0,0,3,6,6,6,6,6,6,7,7,6,5,7,6,7,7,8,9,10,9,9,11,10,10,11,12,11,10,12,12,13,13,15,14,16,16,16,18,21,26,36,51,68,123,169,193,226,232,255,215,196,175,145,135,124,103,62,22,6,5,7,9,10,11,12,12,11,10,10,9,8,8,7,6,5,4,2,0,0,0,0,0,0,0,0,0,0,0,0,0,0,0,37
2016/07/18 04:31:00,229881,172811,1,29,16,1,1,1,0,0,0,0,0,0,0,0,0,0,0,0,0,0,0,0,0,0,0,0,0,0,0,0,0,0,0,0,0,0,0,0,0,0,0,0,5,6,7,7,6,7,7,7,8,7,7,6,8,7,8,10,10,11,11,9,11,13,12,12,13,12,12,13,13,14,15,17,16,18,18,20,20,26,30,44,64,87,156,203,222,233,233,255,217,201,180,151,141,130,113,76,31,9,7,8,10,12,12,14,12,11,10,9,9,8,8,7,7,6,4,3,0,0,0,0,0,0,0,0,0,0,0,0,0,0,0,41
2016/07/20 04:31:00,232768,172810,1,29,16,1,1,1,0,0,0,0,0,0,0,0,0,0,0,0,0,0,0,0,0,0,0,0,0,0,0,0,0,0,0,0,0,0,0,0,0,0,0,0,4,7,7,7,5,7,7,7,7,7,6,7,7,7,8,9,9,11,10,9,10,11,11,11,12,11,12,12,13,13,13,15,16,17,17,19,20,23,28,39,57,77,139,179,207,230,238,255,215,199,178,148,139,129,105,70,26,7,6,7,9,10,12,13,12,11,11,10,9,8,8,7,7,5,4,2,0,0,0,0,0,0,0,0,0,0,0,0,0,0,0,38
2016/07/22 04:31:00,232374,172810,1,29,16,1,1,1,0,0,0,0,0,0,0,0,0,0,0,0,0,0,0,0,0,0,0,0,0,0,0,0,0,0,0,0,0,0,0,0,0,0,0,0,5,7,7,7,6,7,6,8,6,6,6,7,7,7,8,9,10,11,10,10,11,12,11,12,13,12,12,13,12,14,14,17,15,18,17,18,19,25,31,41,62,82,147,194,220,233,237,255,213,197,178,147,138,131,109,69,25,7,6,8,9,11,11,13,13,11,11,9,9,8,8,7,7,5,4,2,0,0,0,0,0,0,0,0,0,0,0,0,0,0,0,39
2016/07/24 04:31:00,232811,172811,1,29,16,1,1,1,0,0,0,0,0,0,0,0,0,0,0,0,0,0,0,0,0,0,0,0,0,0,0,0,0,0,0,0,0,0,0,0,0,0,0,0,4,6,6,7,5,7,7,7,7,6,7,6,7,6,7,9,10,10,10,9,11,11,12,11,12,12,12,13,13,13,14,16,16,17,18,18,18,24,29,39,57,82,144,190,212,230,232,255,214,194,174,147,134,130,109,69,25,7,6,8,9,11,12,13,12,11,11,10,9,8,7,7,7,5,4,2,1,0,0,0,0,0,0,0,0,0,0,0,0,0,0,39
2016/07/26 04:31:00,228473,172810,1,29,16,1,1,1,0,0,0,0,0,0,0,0,0,0,0,0,0,0,0,0,0,0,0,0,0,0,0,0,0,0,0,0,0,0,0,0,0,0,0,0,4,6,7,7,6,6,7,7,7,6,6,6,6,7,8,9,10,11,10,10,11,11,11,12,13,11,12,13,12,14,13,15,15,16,17,18,19,24,29,39,57,78,138,191,215,229,231,255,213,197,175,145,137,129,109,70,26,7,7,7,9,10,12,13,12,11,11,10,9,7,8,7,7,5,4,2,0,0,0,0,0,0,0,0,0,0,0,0,0,0,0,39
2016/07/28 04:31:00,229952,172810,1,29,16,1,1,1,0,0,0,0,0,0,0,0,0,0,0,0,0,0,0,0,0,0,0,0,0,0,0,0,0,0,0,0,0,0,0,0,0,0,0,0,4,6,6,6,5,6,7,7,7,6,6,7,6,7,7,8,9,10,10,9,10,11,10,11,11,10,11,11,12,12,13,15,14,16,16,17,17,22,27,36,54,73,127,170,195,222,228,255,211,192,173,145,134,122,103,63,23,6,5,7,8,10,11,14,12,11,11,9,8,7,7,7,7,5,4,2,0,0,0,0,0,0,0,0,0,0,0,0,0,0,0,36
2016/07/30 04:31:00,233840,172810,1,29,16,1,1,1,0,0,0,0,0,0,0,0,0,0,0,0,0,0,0,0,0,0,0,0,0,0,0,0,0,0,0,0,0,0,0,0,0,0,0,0,5,6,6,7,6,7,6,7,7,6,6,7,6,7,7,8,8,10,10,9,10,10,11,11,11,11,11,11,12,14,13,14,15,16,17,17,19,22,27,37,55,74,130,168,189,221,229,255,207,194,172,146,135,123,103,64,24,7,5,8,9,9,11,12,12,11,10,9,9,8,8,7,6,5,3,2,1,0,0,0,0,0,0,0,0,0,0,0,0,0,0,38
2016/08/01 04:31:00,237915,172811,1,29,16,1,1,1,0,0,0,0,0,0,0,0,0,0,0,0,0,0,0,0,0,0,0,0,0,0,0,0,0,0,0,0,0,0,0,0,0,0,0,0,4,6,7,6,5,6,6,7,7,7,6,7,6,7,7,9,9,10,10,9,10,10,10,12,12,11,11,12,12,14,13,15,14,16,17,18,18,23,28,38,56,77,135,173,196,226,233,255,217,198,177,149,141,128,105,64,25,8,6,8,8,10,11,14,12,12,10,11,9,8,7,7,7,5,4,2,1,0,0,0,0,0,0,0,0,0,0,0,0,0,0,41
2016/08/03 04:31:00,238972,172811,1,29,16,1,1,1,0,0,0,0,0,0,0,0,0,0,0,0,0,0,0,0,0,0,0,0,0,0,0,0,0,0,0,0,0,0,0,0,0,0,0,0,4,6,7,7,5,6,7,7,8,6,6,7,7,7,8,9,10,11,10,9,11,12,11,12,13,12,12,12,13,13,14,16,15,18,16,19,19,24,28,41,61,82,147,190,208,230,233,255,215,197,177,147,139,130,111,72,28,9,7,9,9,10,11,13,11,12,10,11,9,8,8,7,7,6,4,2,1,0,0,0,0,0,0,0,0,0,0,0,0,0,0,42
2016/08/05 04:31:00,236288,172810,1,29,16,1,1,1,0,0,0,0,0,0,0,0,0,0,0,0,0,0,0,0,0,0,0,0,0,0,0,0,0,0,0,0,0,0,0,0,0,0,0,0,4,6,7,7,6,6,6,7,8,7,6,7,7,7,7,9,9,10,10,9,11,11,11,12,12,12,12,13,12,13,14,16,16,17,17,18,19,25,30,38,57,79,143,191,217,234,232,255,218,195,174,150,141,132,111,72,28,7,6,8,9,11,12,13,12,11,11,10,9,8,7,7,7,5,4,2,1,0,0,0,0,0,0,0,0,0,0,0,0,0,0,37
2016/08/07 04:31:00,236740,172810,1,29,16,1,1,1,0,0,0,0,0,0,0,0,0,0,0,0,0,0,0,0,0,0,0,0,0,0,0,0,0,0,0,0,0,0,0,0,0,0,0,0,4,7,8,6,5,6,6,7,7,6,6,7,6,7,8,9,10,10,10,9,11,11,11,12,13,12,11,12,12,14,14,17,16,18,16,19,20,24,29,39,58,79,142,184,208,231,239,255,218,200,177,150,138,130,110,69,26,7,6,7,9,10,12,13,12,11,11,10,9,8,7,7,7,5,4,2,1,0,0,0,0,0,0,0,0,0,0,0,0,0,0,39
2016/08/09 04:31:00,239924,172811,1,29,16,1,1,1,0,0,0,0,0,0,0,0,0,0,0,0,0,0,0,0,0,0,0,0,0,0,0,0,0,0,0,0,0,0,0,0,0,0,0,0,4,6,7,7,6,7,7,7,8,6,6,7,7,7,8,9,9,10,10,9,11,11,11,11,12,12,12,13,12,14,13,16,16,17,17,18,19,24,28,40,57,82,139,178,196,225,229,255,216,196,177,151,136,127,106,67,26,7,6,7,8,10,12,13,12,11,11,10,9,9,8,8,7,5,4,2,1,0,0,0,0,0,0,0,0,0,0,0,0,0,0,42
2016/08/11 04:31:00,240180,172811,1,29,16,1,1,1,0,0,0,0,0,0,0,0,0,0,0,0,0,0,0,0,0,0,0,0,0,0,0,0,0,0,0,0,0,0,0,0,0,0,0,0,4,6,7,7,5,6,7,7,7,7,7,7,7,8,8,9,10,11,11,10,10,10,12,11,12,11,12,12,13,14,14,17,15,17,18,18,20,24,30,40,62,87,145,187,206,230,227,255,216,196,177,150,139,131,110,73,29,8,6,8,10,11,12,12,13,11,11,10,8,8,7,8,7,5,4,2,1,0,0,0,0,0,0,0,0,0,0,0,0,0,0,44
2016/08/13 04:31:00,240353,172810,1,29,16,1,1,1,0,0,0,0,0,0,0,0,0,0,0,0,0,0,0,0,0,0,0,0,0,0,0,0,0,0,0,0,0,0,0,0,0,0,0,0,5,6,7,7,6,7,7,7,8,6,7,7,7,8,8,10,11,11,11,9,11,12,11,11,13,11,12,13,13,16,14,17,16,18,18,19,21,25,31,42,65,91,160,202,220,229,234,255,221,197,178,154,140,132,117,81,33,10,7,9,9,11,12,13,12,11,10,10,9,8,8,7,8,6,5,3,1,0,0,0,0,0,0,0,0,0,0,0,0,0,0,45
2016/08/15 04:31:00,247717,172811,1,29,16,1,1,1,0,0,0,0,0,0,0,0,0,0,0,0,0,0,0,0,0,0,0,0,0,0,0,0,0,0,0,0,0,0,0,0,0,0,0,0,5,7,8,8,5,7,7,8,8,6,7,7,7,7,8,10,10,11,11,10,12,12,11,12,13,13,11,14,14,14,15,16,16,17,18,20,22,27,32,45,70,97,166,205,221,226,231,255,215,196,180,150,139,133,116,82,36,10,7,9,9,11,12,13,12,11,10,9,9,8,8,7,7,6,4,3,1,0,0,0,0,0,0,0,0,0,0,0,0,0,0,42
2016/08/17 04:31:00,251209,172810,1,30,16,1,1,1,0,0,0,0,0,0,0,0,0,0,0,0,0,0,0,0,0,0,0,0,0,0,0,0,0,0,0,0,0,0,0,0,0,0,0,0,5,6,7,8,6,6,7,7,8,7,7,7,7,7,9,10,9,11,10,10,11,12,12,12,13,12,12,12,13,15,14,16,16,17,19,19,20,26,32,43,67,94,155,191,210,232,234,255,215,195,174,149,139,130,116,77,32,10,7,8,9,10,11,13,13,12,10,10,8,8,7,8,8,5,5,3,1,0,0,0,0,0,0,0,0,0,0,0,0,0,0,44
2016/08/19 04:31:00,249495,172810,1,31,17,1,1,1,0,0,0,0,0,0,0,0,0,0,0,0,0,0,0,0,0,0,0,0,0,0,0,0,0,0,0,0,0,0,0,0,0,0,0,0,5,6,7,7,6,7,7,7,8,7,7,7,7,7,8,10,11,11,11,10,11,11,11,13,14,12,12,13,13,15,14,16,17,18,18,20,21,26,33,46,73,101,161,198,212,230,230,255,215,197,175,149,142,133,117,83,36,11,8,9,10,11,12,13,12,12,10,10,9,8,8,7,7,6,4,2,1,0,0,0,0,0,0,0,0,0,0,0,0,0,0,46
2016/08/21 04:31:00,245009,172810,1,31,17,1,1,1,0,0,0,0,0,0,0,0,0,0,0,0,0,0,0,0,0,0,0,0,0,0,0,0,0,0,0,0,0,0,0,0,0,0,0,0,5,6,7,7,6,7,7,7,8,7,6,7,7,8,8,9,10,11,10,10,12,11,11,12,13,12,12,12,13,14,14,16,16,17,17,19,21,27,33,44,71,96,162,196,212,231,230,255,216,197,176,149,139,134,114,80,34,11,7,8,9,11,12,13,12,11,10,9,8,8,8,7,7,5,5,3,1,0,0,0,0,0,0,0,0,0,0,0,0,0,0,42
2016/08/23 04:31:00,247603,172810,1,32,17,1,1,1,0,0,0,0,0,0,0,0,0,0,0,0,0,0,0,0,0,0,0,0,0,0,0,0,0,0,0,0,0,0,0,0,0,0,0,0,5,7,7,7,6,7,8,8,8,7,7,7,8,8,9,9,10,11,10,10,11,12,11,12,13,12,12,13,13,14,14,17,17,18,19,20,21,27,33,47,74,101,165,197,217,231,236,255,219,198,180,154,141,133,117,80,36,11,7,9,10,11,12,13,13,11,10,10,9,7,8,7,7,6,5,3,1,0,0,0,0,0,0,0,0,0,0,0,0,0,0,46
2016/08/25 04:31:00,246382,172810,1,32,17,1,1,1,0,0,0,0,0,0,0,0,0,0,0,0,0,0,0,0,0,0,0,0,0,0,0,0,0,0,0,0,0,0,0,0,0,0,0,0,5,7,7,7,6,7,7,7,8,7,7,7,8,8,8,10,11,11,11,9,12,11,12,13,14,13,12,13,13,14,14,16,18,18,19,20,21,27,33,45,69,96,169,208,223,233,231,255,219,199,178,151,143,137,118,83,36,10,8,8,10,11,12,13,12,11,11,10,9,8,8,7,8,6,5,3,1,0,0,0,0,0,0,0,0,0,0,0,0,0,0,44
2016/08/27 04:31:00,235717,172810,1,32,17,1,1,1,0,0,0,0,0,0,0,0,0,0,0,0,0,0,0,0,0,0,0,0,0,0,0,0,0,0,0,0,0,0,0,0,0,0,0,0,5,6,7,7,6,7,7,7,7,7,7,7,7,7,7,9,11,11,11,10,11,12,11,12,13,12,13,14,12,14,15,17,17,17,18,20,21,26,31,42,63,88,159,204,223,232,234,255,220,198,178,150,143,135,117,80,35,10,7,8,10,11,12,13,12,12,10,10,9,9,8,8,7,5,4,3,1,0,0,0,0,0,0,0,0,0,0,0,0,0,0,41
2016/08/29 04:31:00,239592,172811,1,32,17,1,1,1,0,0,0,0,0,0,0,0,0,0,0,0,0,0,0,0,0,0,0,0,0,0,0,0,0,0,0,0,0,0,0,0,0,0,0,0,4,6,7,7,6,7,8,8,8,6,6,7,7,7,8,9,10,11,10,10,11,12,11,12,12,12,12,13,13,13,14,16,16,17,18,18,20,25,29,40,59,83,148,200,215,236,237,255,219,201,178,152,141,132,118,80,31,9,6,8,10,10,13,13,12,11,11,10,9,8,8,8,7,5,4,3,1,0,0,0,0,0,0,0,0,0,0,0,0,0,0,40
2016/08/31 04:31:00,242622,172810,1,32,17,1,1,1,0,0,0,0,0,0,0,0,0,0,0,0,0,0,0,0,0,0,0,0,0,0,0,0,0,0,0,0,0,0,0,0,0,0,0,0,4,6,6,6,5,6,6,7,7,6,6,6,6,7,7,8,9,10,10,9,10,11,11,11,11,10,10,12,12,12,12,15,15,16,15,16,18,21,25,35,50,64,117,170,206,228,230,255,215,194,171,148,134,126,107,66,24,7,5,7,9,10,12,13,12,10,10,10,9,8,7,7,7,5,4,2,0,0,0,0,0,0,0,0,0,0,0,0,0,0,0,35
2016/09/02 04:31:00,243379,172810,1,32,17,1,1,1,0,0,0,0,0,0,0,0,0,0,0,0,0,0,0,0,0,0,0,0,0,0,0,0,0,0,0,0,0,0,0,0,0,0,0,0,4,6,7,7,5,6,6,6,8,6,6,7,7,6,7,8,9,10,10,9,11,11,10,11,11,11,10,11,12,12,13,15,15,15,16,16,17,22,26,35,49,64,115,165,199,224,231,255,216,197,174,147,138,129,107,67,24,6,5,7,8,10,11,13,13,11,11,10,9,8,8,7,6,5,4,2,0,0,0,0,0,0,0,0,0,0,0,0,0,0,0,37
2016/09/04 04:31:00,241655,172810,1,32,17,1,1,1,0,0,0,0,0,0,0,0,0,0,0,0,0,0,0,0,0,0,0,0,0,0,0,0,0,0,0,0,0,0,0,0,0,0,0,0,4,6,6,7,5,7,7,6,6,6,6,6,7,6,7,8,9,9,9,8,10,10,10,11,12,11,12,11,12,13,13,15,15,15,15,18,17,21,25,34,48,61,106,159,198,229,234,255,215,197,177,148,136,128,106,65,22,6,5,6,8,10,12,13,12,11,10,10,9,8,8,7,7,5,4,2,1,0,0,0,0,0,0,0,0,0,0,0,0,0,0,36
2016/09/06 04:31:00,234963,172811,1,32,17,1,1,1,0,0,0,0,0,0,0,0,0,0,0,0,0,0,0,0,0,0,0,0,0,0,0,0,0,0,0,0,0,0,0,0,0,0,0,0,4,6,6,6,5,6,6,6,7,5,6,6,6,6,7,8,8,9,9,8,10,10,9,11,11,11,10,11,12,12,12,14,14,15,15,16,17,20,24,32,43,56,98,146,190,221,229,255,214,190,173,143,134,122,101,60,20,5,4,6,7,10,10,13,11,12,10,9,9,7,6,7,6,6,4,2,0,0,0,0,0,0,0,0,0,0,0,0,0,0,0,34
2016/09/08 04:31:00,234912,172811,1,32,17,1,1,1,0,0,0,0,0,0,0,0,0,0,0,0,0,0,0,0,0,0,0,0,0,0,0,0,0,0,0,0,0,0,0,0,0,0,0,0,4,5,6,6,6,6,6,6,6,6,5,6,6,6,7,7,8,9,9,8,10,10,10,10,11,10,10,11,11,12,12,13,14,14,14,16,17,19,24,30,44,58,95,139,179,219,233,255,217,197,173,144,135,121,100,57,18,5,5,5,7,9,11,13,12,10,11,10,9,8,7,7,6,5,3,2,0,0,0,0,0,0,0,0,0,0,0,0,0,0,0,36
2016/09/10 04:31:00,233281,172811,1,32,17,1,1,1,0,0,0,0,0,0,0,0,0,0,0,0,0,0,0,0,0,0,0,0,0,0,0,0,0,0,0,0,0,0,0,0,0,0,0,0,4,6,6,6,5,5,7,7,7,6,6,6,6,7,7,7,8,10,10,8,9,10,10,11,11,11,10,11,11,12,12,15,13,15,16,16,17,20,25,32,45,58,103,151,188,221,232,255,215,195,175,147,135,125,103,63,21,5,5,6,7,9,11,13,12,11,11,9,9,8,8,7,7,5,4,2,0,0,0,0,0,0,0,0,0,0,0,0,0,0,0,36
2016/09/12 04:31:00,236361,172811,1,32,17,1,1,1,0,0,0,0,0,0,0,0,0,0,0,0,0,0,0,0,0,0,0,0,0,0,0,0,0,0,0,0,0,0,0,0,0,0,0,0,3,6,6,6,5,6,5,6,7,5,6,6,6,6,6,7,8,9,9,8,9,10,10,10,10,10,11,11,11,12,11,13,14,14,14,15,16,20,24,30,41,55,96,139,177,214,231,255,215,194,175,146,133,122,95,57,17,5,4,6,7,8,12,13,12,11,11,10,9,8,8,6,7,5,2,2,0,0,0,0,0,0,0,0,0,0,0,0,0,0,0,35
2016/09/14 04:31:00,236995,172811,1,32,17,1,1,1,0,0,0,0,0,0,0,0,0,0,0,0,0,0,0,0,0,0,0,0,0,0,0,0,0,0,0,0,0,0,0,0,0,0,0,0,4,6,7,6,5,6,6,7,7,6,6,6,6,6,7,7,8,9,9,9,10,11,11,11,12,11,11,11,11,12,12,14,14,15,15,17,16,20,24,33,44,57,105,148,184,221,230,255,213,194,173,144,131,124,100,61,22,6,4,6,8,10,11,12,12,11,10,10,9,7,8,7,6,5,3,2,0,0,0,0,0,0,0,0,0,0,0,0,0,0,0,36
2016/09/16 04:31:00,237372,172811,1,32,16,1,1,1,0,0,0,0,0,0,0,0,0,0,0,0,0,0,0,0,0,0,0,0,0,0,0,0,0,0,0,0,0,0,0,0,0,0,0,0,4,5,6,6,5,6,6,6,7,6,5,6,6,6,7,7,8,10,9,8,9,10,10,11,11,10,10,11,11,12,12,14,14,15,16,16,16,20,24,31,44,56,100,147,181,219,232,255,214,191,172,145,133,124,101,59,20,5,5,6,8,9,11,13,12,11,10,9,9,8,7,7,6,5,4,2,0,0,0,0,0,0,0,0,0,0,0,0,0,0,0,36
2016/09/18 04:31:00,236400,172811,1,32,16,1,1,1,0,0,0,0,0,0,0,0,0,0,0,0,0,0,0,0,0,0,0,0,0,0,0,0,0,0,0,0,0,0,0,0,0,0,0,0,4,6,7,6,5,6,6,7,7,6,6,6,7,7,8,8,9,11,10,8,10,10,11,11,12,11,11,12,12,12,12,15,15,15,17,17,18,21,26,34,49,64,116,164,202,231,233,255,214,196,176,147,135,125,108,68,26,7,5,6,8,10,12,13,12,11,11,9,9,8,7,7,7,6,4,2,0,0,0,0,0,0,0,0,0,0,0,0,0,0,0,39
2016/09/20 04:31:00,228070,172811,1,32,16,1,1,1,0,0,0,0,0,0,0,0,0,0,0,0,0,0,0,0,0,0,0,0,0,0,0,0,0,0,0,0,0,0,0,0,0,0,0,0,4,6,6,6,5,6,6,7,6,5,6,6,5,6,7,7,7,9,9,9,10,9,10,10,11,10,10,11,11,11,12,14,14,15,14,15,16,19,22,31,42,53,91,137,177,223,232,255,217,196,177,145,132,124,99,53,17,5,4,5,7,9,10,13,11,12,10,10,8,8,7,7,6,5,3,1,0,0,0,0,0,0,0,0,0,0,0,0,0,0,0,36
2016/09/22 04:31:00,227690,172811,0,32,16,1,1,1,0,0,0,0,0,0,0,0,0,0,0,0,0,0,0,0,0,0,0,0,0,0,0,0,0,0,0,0,0,0,0,0,0,0,0,0,4,6,6,6,5,5,6,5,6,6,6,6,5,6,7,7,7,8,8,8,9,10,10,10,10,10,10,10,10,12,11,14,14,15,14,15,16,19,23,29,41,54,91,131,168,209,229,255,213,193,172,142,129,119,93,50,16,5,3,5,7,8,10,12,11,11,10,10,9,7,7,7,7,4,3,1,0,0,0,0,0,0,0,0,0,0,0,0,0,0,0,35
2016/09/24 04:31:00,231995,172810,0,32,16,1,1,1,0,0,0,0,0,0,0,0,0,0,0,0,0,0,0,0,0,0,0,0,0,0,0,0,0,0,0,0,0,0,0,0,0,0,0,0,3,5,6,6,5,6,6,6,6,6,6,6,6,6,6,7,7,9,9,8,9,9,9,9,10,10,9,10,11,11,11,13,13,14,13,14,15,17,22,28,39,49,82,125,165,211,231,255,212,190,169,141,129,118,92,47,15,4,4,5,6,8,10,12,11,11,10,9,9,8,7,7,6,5,3,1,0,0,0,0,0,0,0,0,0,0,0,0,0,0,0,34
2016/09/26 04:31:00,235109,172810,0,32,16,1,1,1,0,0,0,0,0,0,0,0,0,0,0,0,0,0,0,0,0,0,0,0,0,0,0,0,0,0,0,0,0,0,0,0,0,0,0,0,4,6,6,6,5,6,6,6,6,6,6,5,6,6,6,8,8,9,8,8,10,9,10,9,10,10,11,11,11,11,12,14,14,14,15,16,16,19,24,31,43,57,99,143,179,220,230,255,214,193,172,142,133,124,101,58,18,5,4,6,7,9,11,13,12,11,10,10,9,8,8,7,6,5,3,2,0,0,0,0,0,0,0,0,0,0,0,0,0,0,0,37
2016/09/28 04:31:00,226866,172811,0,32,16,1,1,1,0,0,0,0,0,0,0,0,0,0,0,0,0,0,0,0,0,0,0,0,0,0,0,0,0,0,0,0,0,0,0,0,0,0,0,0,4,6,7,6,5,6,6,7,6,6,6,5,6,6,7,7,8,9,9,8,9,10,10,10,11,10,10,11,10,12,12,13,13,15,15,16,16,19,23,30,43,55,92,136,176,223,237,255,215,198,177,146,132,122,99,52,16,5,4,6,7,9,11,13,11,11,10,9,10,8,8,7,6,5,3,1,0,0,0,0,0,0,0,0,0,0,0,0,0,0,0,35
2016/09/30 04:31:00,228552,172811,0,32,16,1,1,1,0,0,0,0,0,0,0,0,0,0,0,0,0,0,0,0,0,0,0,0,0,0,0,0,0,0,0,0,0,0,0,0,0,0,0,0,4,6,6,5,5,6,6,6,7,5,5,6,6,6,6,7,8,9,9,8,9,10,10,10,11,10,10,11,11,12,11,14,14,14,15,15,16,19,24,30,43,55,95,136,176,214,231,255,212,194,175,143,131,119,96,53,18,5,4,6,7,8,11,13,11,11,10,10,9,8,7,7,7,5,3,1,0,0,0,0,0,0,0,0,0,0,0,0,0,0,0,38
2016/10/02 04:31:00,227420,172811,0,32,16,1,1,1,0,0,0,0,0,0,0,0,0,0,0,0,0,0,0,0,0,0,0,0,0,0,0,0,0,0,0,0,0,0,0,0,0,0,0,0,4,6,6,6,5,6,5,6,7,6,5,6,6,6,7,7,8,9,9,8,10,10,10,10,11,10,11,11,10,12,13,14,13,15,15,15,16,19,23,31,43,57,97,141,179,219,235,255,213,194,174,145,133,122,96,53,17,5,4,6,7,9,11,14,12,11,10,10,9,8,8,7,7,4,3,2,0,0,0,0,0,0,0,0,0,0,0,0,0,0,0,39
2016/10/04 04:31:00,234930,172811,0,32,16,1,1,1,0,0,0,0,0,0,0,0,0,0,0,0,0,0,0,0,0,0,0,0,0,0,0,0,0,0,0,0,0,0,0,0,0,0,0,0,4,6,7,6,5,6,6,6,6,6,6,6,6,7,6,8,8,9,9,9,10,10,10,10,11,10,10,11,11,12,13,14,13,14,16,16,17,20,25,32,47,61,107,146,174,217,233,255,213,195,176,145,133,120,100,57,20,6,5,6,8,9,11,13,12,11,10,10,9,8,7,7,6,5,3,2,0,0,0,0,0,0,0,0,0,0,0,0,0,0,0,42
2016/10/06 04:31:00,233241,172811,0,32,16,1,1,1,0,0,0,0,0,0,0,0,0,0,0,0,0,0,0,0,0,0,0,0,0,0,0,0,0,0,0,0,0,0,0,0,0,0,0,0,4,6,6,6,5,6,6,6,6,6,6,6,6,6,7,7,9,9,9,8,9,10,10,10,11,10,10,11,11,12,13,14,13,15,14,16,16,19,24,31,42,54,93,136,179,219,232,255,211,191,172,143,133,123,98,56,19,5,4,6,7,9,11,14,12,11,10,10,9,8,7,7,6,5,3,2,0,0,0,0,0,0,0,0,0,0,0,0,0,0,0,34
2016/10/08 04:31:00,233159,172811,0,32,16,1,1,1,0,0,0,0,0,0,0,0,0,0,0,0,0,0,0,0,0,0,0,0,0,0,0,0,0,0,0,0,0,0,0,0,0,0,0,0,4,5,6,6,5,6,6,7,6,6,6,6,6,7,6,7,8,9,9,8,9,10,10,10,11,10,10,10,11,12,12,14,13,14,15,16,16,19,23,31,42,55,95,140,180,219,234,255,211,191,175,142,133,123,97,57,19,5,5,6,7,10,11,13,12,11,10,10,9,8,7,7,6,5,4,1,0,0,0,0,0,0,0,0,0,0,0,0,0,0,0,37
2016/10/10 04:31:00,233795,172811,0,32,16,1,1,1,0,0,0,0,0,0,0,0,0,0,0,0,0,0,0,0,0,0,0,0,0,0,0,0,0,0,0,0,0,0,0,0,0,0,0,0,4,6,6,6,6,6,6,6,7,6,6,6,6,6,6,7,8,9,9,8,9,10,10,10,11,10,10,10,10,12,12,14,13,15,15,15,16,19,24,30,42,53,92,133,179,222,233,255,214,195,174,145,134,125,98,54,18,5,4,6,7,9,12,13,12,11,11,10,9,8,7,7,6,5,3,1,0,0,0,0,0,0,0,0,0,0,0,0,0,0,0,34
